Chr	DEL	DUP	INV	INS	TRA
1	2215	1	6	1524	7
10	1299	0	3	849	4
11	1377	0	3	932	8
12	1536	0	4	1046	2
13	1169	0	2	775	5
14	1156	1	3	766	3
15	1325	0	0	908	4
16	1179	0	3	799	6
17	1240	0	6	844	8
18	1209	0	5	722	10
19	1080	0	2	797	1
2	1576	0	5	1133	10
20	1184	0	5	721	0
21	1046	0	1	700	1
22	1178	0	3	799	5
23	919	1	0	668	0
24	963	0	1	606	1
25	928	0	1	636	1
26	937	0	7	638	2
27	1084	0	6	804	1
28	814	0	1	500	1
29	851	0	0	637	1
3	1700	0	3	1163	5
30	807	2	3	588	0
31	706	0	3	549	3
32	991	1	7	753	0
33	683	0	1	488	1
34	908	0	2	627	1
35	547	2	0	378	2
36	614	0	2	463	2
37	627	0	1	438	0
38	537	0	2	391	1
4	1685	0	1	1102	0
5	1647	0	2	1015	2
6	1477	0	4	995	1
7	1426	1	6	987	4
8	1521	0	6	1015	6
9	1316	1	5	719	4
AAEX03018827.1	11	0	0	10	2
AAEX03019065.1	6	0	0	3	0
AAEX03019090.1	6	0	0	12	1
AAEX03019097.1	2	0	0	0	0
AAEX03019222.1	3	0	0	3	0
AAEX03019231.1	2	0	0	0	0
AAEX03019240.1	6	0	0	2	0
AAEX03019241.1	3	0	0	3	0
AAEX03019307.1	11	0	0	15	3
AAEX03019339.1	4	0	0	2	0
AAEX03019340.1	0	0	0	1	0
AAEX03019490.1	0	0	0	1	0
AAEX03019491.1	2	0	0	0	1
AAEX03019492.1	1	0	0	0	0
AAEX03019535.1	1	0	0	1	0
AAEX03019548.1	5	0	0	2	0
AAEX03019560.1	1	0	0	0	0
AAEX03019691.1	1	0	0	0	2
AAEX03019738.1	1	0	0	2	0
AAEX03019763.1	0	0	0	1	0
AAEX03019893.1	1	0	0	0	0
AAEX03020051.1	0	0	0	1	0
AAEX03020054.1	3	0	0	4	1
AAEX03020056.1	0	0	0	1	0
AAEX03020060.1	1	0	0	0	0
AAEX03020242.1	0	0	0	1	0
AAEX03020335.1	0	0	0	1	0
AAEX03020381.1	0	0	0	1	0
AAEX03020403.1	1	0	0	2	0
AAEX03020524.1	1	0	0	0	0
AAEX03020610.1	0	0	0	1	0
AAEX03020671.1	0	0	0	1	0
AAEX03020700.1	0	0	0	1	0
AAEX03020729.1	0	0	0	1	0
AAEX03020831.1	1	0	0	4	0
AAEX03020959.1	0	0	0	1	0
AAEX03021042.1	1	0	0	0	0
AAEX03021043.1	4	0	0	2	0
AAEX03021070.1	0	0	0	2	0
AAEX03021077.1	0	0	0	1	0
AAEX03021108.1	0	0	0	1	0
AAEX03021187.1	1	0	0	1	0
AAEX03021208.1	1	0	0	1	0
AAEX03021268.1	1	0	0	0	0
AAEX03021318.1	1	0	0	0	0
AAEX03021345.1	0	0	0	1	0
AAEX03021842.1	1	0	0	0	0
AAEX03021919.1	1	0	0	0	0
AAEX03022020.1	0	0	0	3	0
AAEX03022057.1	0	0	0	1	0
AAEX03022063.1	0	0	0	1	0
AAEX03022082.1	1	0	0	0	0
AAEX03022157.1	3	0	0	1	0
AAEX03022189.1	2	0	0	1	1
AAEX03022202.1	2	0	0	1	0
AAEX03022223.1	1	0	0	0	0
AAEX03022291.1	2	0	0	1	0
AAEX03022301.1	2	0	0	1	0
AAEX03022381.1	0	0	0	1	0
AAEX03022391.1	0	0	0	2	0
AAEX03022477.1	0	0	0	1	0
AAEX03022707.1	3	0	0	2	0
AAEX03022712.1	0	0	0	0	1
AAEX03022738.1	1	0	0	0	0
AAEX03022739.1	1	0	0	1	0
AAEX03022755.1	1	0	0	0	0
AAEX03022760.1	1	0	0	0	0
AAEX03022777.1	1	0	0	1	0
AAEX03022820.1	1	0	0	0	0
AAEX03022821.1	1	0	0	0	0
AAEX03022858.1	1	0	0	1	0
AAEX03022863.1	1	0	0	1	0
AAEX03023050.1	2	0	0	1	0
AAEX03023082.1	1	0	0	0	0
AAEX03023169.1	1	0	0	0	0
AAEX03023233.1	1	0	0	0	0
AAEX03023291.1	1	0	0	0	0
AAEX03023424.1	0	0	0	1	0
AAEX03023449.1	0	0	0	1	0
AAEX03023484.1	1	0	0	0	0
AAEX03023521.1	1	0	0	0	0
AAEX03023538.1	0	0	0	1	0
AAEX03023556.1	1	0	0	0	0
AAEX03023573.1	1	0	0	2	0
AAEX03023594.1	0	0	0	2	0
AAEX03023617.1	1	0	0	2	0
AAEX03023627.1	2	0	0	2	1
AAEX03023640.1	1	0	0	0	0
AAEX03023725.1	1	0	0	0	0
AAEX03023812.1	0	0	0	1	0
AAEX03023823.1	1	0	0	0	0
AAEX03023832.1	3	0	0	0	1
AAEX03023940.1	0	0	0	1	0
AAEX03024006.1	1	0	0	0	0
AAEX03024064.1	0	0	0	1	0
AAEX03024137.1	2	0	0	0	0
AAEX03024201.1	1	0	0	0	0
AAEX03024224.1	0	0	0	1	0
AAEX03024257.1	0	0	0	1	0
AAEX03024379.1	1	0	0	1	0
AAEX03024411.1	1	0	0	0	0
AAEX03024447.1	1	0	0	2	0
AAEX03024543.1	1	0	0	0	0
AAEX03024556.1	0	0	0	1	0
AAEX03024655.1	0	0	0	0	1
AAEX03024667.1	1	0	0	1	0
AAEX03024713.1	0	0	0	0	1
AAEX03024740.1	1	0	0	0	0
AAEX03024750.1	1	0	0	0	0
AAEX03025102.1	0	0	0	1	0
AAEX03025125.1	0	0	0	1	0
AAEX03025132.1	0	0	0	1	0
AAEX03025149.1	2	0	0	1	0
AAEX03025151.1	0	0	0	0	1
AAEX03025583.1	1	0	0	0	0
AAEX03025637.1	0	1	0	0	0
AAEX03025658.1	1	0	0	0	0
AAEX03025886.1	0	0	0	1	0
JH373233.1	81	0	0	77	0
JH373234.1	16	0	0	20	0
JH373235.1	16	0	0	19	0
JH373236.1	20	0	0	15	0
JH373237.1	2	0	0	2	0
JH373238.1	13	0	0	3	0
JH373239.1	9	0	0	8	0
JH373240.1	5	0	0	8	0
JH373241.1	5	0	0	1	0
JH373242.1	9	0	0	5	0
JH373243.1	9	0	0	1	0
JH373244.1	6	0	0	5	0
JH373245.1	8	0	0	7	0
JH373246.1	2	0	0	2	0
JH373247.1	3	0	0	5	0
JH373248.1	10	0	0	6	0
JH373249.1	4	0	0	2	0
JH373250.1	8	0	0	1	0
JH373251.1	0	0	0	1	0
JH373252.1	6	0	0	0	0
JH373253.1	8	0	0	1	0
JH373254.1	12	0	0	12	0
JH373255.1	14	0	0	7	0
JH373256.1	2	0	0	1	0
JH373257.1	5	0	0	7	0
JH373258.1	5	0	0	3	0
JH373259.1	4	0	0	4	0
JH373260.1	1	0	0	3	0
JH373261.1	7	0	0	2	0
JH373262.1	5	0	0	2	0
JH373263.1	3	0	0	8	0
JH373264.1	3	0	0	4	0
JH373265.1	5	0	0	1	0
JH373266.1	3	0	0	4	0
JH373267.1	7	0	0	3	0
JH373268.1	6	0	0	2	0
JH373269.1	4	0	0	1	0
JH373270.1	2	0	0	0	0
JH373271.1	4	0	0	1	0
JH373272.1	6	0	0	6	0
JH373273.1	4	0	0	3	0
JH373274.1	2	0	0	4	0
JH373275.1	3	0	0	3	0
JH373276.1	0	0	0	1	0
JH373277.1	1	0	0	2	0
JH373278.1	8	0	0	3	2
JH373279.1	2	0	0	1	0
JH373280.1	3	0	0	2	0
JH373281.1	2	0	0	2	0
JH373282.1	5	0	0	2	0
JH373283.1	1	0	0	0	0
JH373284.1	6	0	0	0	0
JH373285.1	2	0	0	0	0
JH373286.1	5	0	0	1	0
JH373287.1	2	0	0	2	0
JH373288.1	4	0	0	1	0
JH373289.1	1	0	0	3	0
JH373290.1	1	0	0	1	0
JH373291.1	1	0	0	5	0
JH373292.1	3	0	0	4	0
JH373293.1	2	0	0	4	0
JH373294.1	0	0	0	1	0
JH373295.1	3	0	0	1	0
JH373296.1	9	0	0	2	0
JH373297.1	3	0	1	1	0
JH373298.1	2	0	0	1	0
JH373299.1	4	0	0	0	0
JH373300.1	2	0	0	1	0
JH373301.1	0	0	0	2	0
JH373302.1	0	0	0	1	0
JH373303.1	1	0	0	0	0
JH373304.1	1	0	0	2	1
JH373305.1	2	0	0	0	0
JH373306.1	2	0	0	3	0
JH373307.1	5	0	0	2	0
JH373309.1	1	0	0	3	0
JH373310.1	1	0	0	0	0
JH373311.1	2	0	0	2	0
JH373312.1	0	0	0	1	0
JH373313.1	1	0	0	2	0
JH373314.1	3	0	0	0	0
JH373315.1	2	0	0	0	0
JH373316.1	1	0	0	3	1
JH373317.1	1	0	0	0	0
JH373318.1	1	0	0	0	0
JH373319.1	1	0	0	0	0
JH373320.1	0	0	0	1	0
JH373321.1	4	0	0	6	0
JH373322.1	1	0	0	0	0
JH373323.1	1	0	0	2	0
JH373324.1	0	0	0	2	0
JH373325.1	3	0	0	1	0
JH373326.1	0	0	0	1	0
JH373328.1	0	0	0	2	0
JH373331.1	1	0	0	0	0
JH373332.1	1	0	0	1	0
JH373333.1	1	0	0	0	0
JH373334.1	3	0	0	3	0
JH373335.1	4	0	0	3	0
JH373336.1	3	0	0	1	1
JH373337.1	0	0	0	2	0
JH373340.1	6	0	0	4	0
JH373344.1	3	0	0	0	0
JH373345.1	5	0	0	2	0
JH373346.1	2	0	0	1	0
JH373348.1	3	0	0	0	0
JH373349.1	1	0	0	0	0
JH373350.1	1	0	0	0	0
JH373354.1	1	0	0	0	0
JH373357.1	1	0	0	0	0
JH373358.1	1	0	0	4	0
JH373359.1	1	0	0	0	0
JH373362.1	2	0	0	0	0
JH373363.1	2	0	0	1	1
JH373365.1	1	0	0	2	0
JH373367.1	1	0	0	0	0
JH373368.1	0	0	0	1	0
JH373369.1	2	0	0	1	0
JH373370.1	2	0	0	0	0
JH373371.1	1	0	0	1	0
JH373372.1	2	0	0	0	0
JH373373.1	1	1	0	2	0
JH373374.1	1	0	0	1	0
JH373375.1	1	0	0	2	0
JH373379.1	0	0	0	1	0
JH373383.1	1	0	0	0	0
JH373384.1	2	0	0	1	0
JH373385.1	1	0	0	3	0
JH373386.1	1	0	0	1	0
JH373393.1	3	0	0	0	0
JH373395.1	0	0	0	1	0
JH373397.1	1	0	0	1	0
JH373398.1	2	0	0	1	0
JH373402.1	1	0	0	0	0
JH373403.1	0	0	0	1	0
JH373404.1	1	0	0	1	0
JH373408.1	2	0	0	0	0
JH373410.1	0	0	0	2	0
JH373413.1	1	0	0	0	0
JH373415.1	2	0	0	1	0
JH373416.1	1	0	0	0	0
JH373421.1	2	0	0	0	0
JH373423.1	3	0	0	0	0
JH373431.1	2	0	0	0	0
JH373435.1	2	0	0	2	3
JH373440.1	1	0	0	1	0
JH373444.1	1	0	0	0	0
JH373445.1	1	0	0	1	0
JH373448.1	0	0	0	1	0
JH373455.1	3	0	0	0	0
JH373459.1	1	0	0	1	0
JH373464.1	0	0	0	2	0
JH373465.1	1	0	0	3	0
JH373466.1	1	0	0	0	0
JH373467.1	2	0	0	0	1
JH373469.1	1	0	0	0	0
JH373471.1	2	0	0	5	0
JH373482.1	0	0	0	1	0
JH373485.1	2	0	0	3	1
JH373491.1	1	0	0	1	0
JH373492.1	0	0	0	1	0
JH373502.1	0	0	0	2	0
JH373506.1	0	0	0	1	0
JH373507.1	1	0	0	0	0
JH373509.1	2	0	0	1	1
JH373511.1	1	0	0	3	0
JH373523.1	3	0	0	0	0
JH373526.1	1	0	0	0	0
JH373541.1	1	0	0	0	0
JH373550.1	0	0	0	0	1
JH373553.1	0	0	0	1	0
JH373555.1	2	0	0	1	0
JH373562.1	1	0	0	0	0
JH373579.1	1	0	0	0	0
JH373581.1	2	0	0	0	0
JH373583.1	2	0	0	0	0
JH373591.1	1	0	0	0	0
JH373592.1	7	0	0	6	0
JH373595.1	1	0	0	1	0
JH373603.1	1	0	0	1	0
JH373615.1	7	0	0	5	1
JH373618.1	1	0	0	0	0
JH373630.1	1	0	0	0	0
JH373635.1	0	0	0	3	0
JH373637.1	1	0	0	1	0
JH373644.1	0	0	0	1	0
JH373655.1	1	0	0	0	0
JH373656.1	0	0	0	1	0
JH373660.1	1	0	0	0	0
JH373670.1	2	0	0	0	0
JH373676.1	1	0	0	0	0
JH373684.1	1	0	0	0	0
JH373697.1	2	0	0	0	0
JH373708.1	2	0	0	0	1
JH373715.1	1	0	0	0	0
JH373728.1	1	0	0	0	0
JH373741.1	5	0	0	3	0
JH373750.1	2	0	0	0	0
JH373751.1	2	0	0	1	0
JH373783.1	1	0	0	0	0
JH373868.1	1	0	0	2	0
JH373881.1	2	0	0	1	0
JH373905.1	0	0	0	0	1
JH373918.1	0	0	0	0	1
JH373922.1	1	0	0	1	0
JH373930.1	0	0	0	0	1
JH373931.1	3	0	0	1	0
JH373976.1	1	0	0	0	0
JH374008.1	1	0	0	0	0
JH374022.1	0	0	0	0	1
JH374075.1	0	0	0	0	1
JH374081.1	0	0	0	1	0
JH374124.1	0	0	0	2	0
JH374174.1	0	0	0	0	1
MT	0	1	0	0	0
X	1469	4	14	971	4
