DUP_10_11030008_11030905_126_203_101_114_43_58	10	11030008	11030905	DUP	100.0	0.0	0.0	2
DUP_10_12093780_12095176_202_27_144_5_75_26	10	12093780	12095176	DUP	100.0	0.0	0.0	2
DUP_10_14728369_14729537_188_17_19_9_29_42	10	14728369	14729537	DUP	100.0	0.0	0.0	2
DUP_10_15511614_15528334_111_99_61_87_161_52	10	15511614	15528334	DUP	100.0	0.0	0.0	2
DUP_10_29441248_29456619_142_140_81_177_183_68	10	29441248	29456619	DUP	100.0	0.0	0.0	2
DUP_10_31655339_31655475_25_174_168_154_205_166	10	31655339	31655475	DUP	100.0	0.0	0.0	2
DUP_10_33560659_33562623_89_151_132_154_122_156	10	33560659	33562623	DUP	100.0	0.0	0.0	2
DUP_10_34330314_34330649_142_95_70_24_192_121	10	34330314	34330649	DUP	100.0	0.0	0.0	2
DUP_10_40875660_40875903_103_134_201_167_188_127	10	40875660	40875903	DUP	100.0	0.0	0.0	2
DUP_10_46789348_46790405_199_137_55_164_82_61	10	46789348	46790405	DUP	100.0	0.0	0.0	2
DUP_10_47009776_47011082_24_58_134_119_138_194	10	47009776	47011082	DUP	100.0	0.0	0.0	2
DUP_10_51132020_51135358_91_98_26_169_43_183	10	51132020	51135358	DUP	100.0	0.0	0.0	2
DUP_10_53786483_53787720_116_32_203_166_37_67	10	53786483	53787720	DUP	100.0	0.0	0.0	2
DUP_10_62426307_62429459_136_63_29_75_206_92	10	62426307	62429459	DUP	100.0	0.0	0.0	2
DUP_10_66732638_66733581_23_81_179_100_43_56	10	66732638	66733581	DUP	100.0	0.0	0.0	2
DUP_10_6931612_6933801_172_72_204_144_82_101	10	6931612	6933801	DUP	100.0	0.0	0.0	2
DUP_11_20236277_20236964_5_139_107_77_9_206	11	20236277	20236964	DUP	100.0	0.0	0.0	2
DUP_11_24258250_24260583_57_183_102_120_61_210	11	24258250	24260583	DUP	100.0	0.0	0.0	2
DUP_11_38566664_38568649_197_46_67_49_104_200	11	38566664	38568649	DUP	100.0	0.0	0.0	2
DUP_11_40852151_40853705_147_96_139_18_184_60	11	40852151	40853705	DUP	100.0	0.0	0.0	2
DUP_11_48481922_48503049_75_140_193_80_76_173	11	48481922	48503049	DUP	100.0	0.0	0.0	2
DUP_11_54207526_54210944_94_36_172_122_66_67	11	54207526	54210944	DUP	100.0	0.0	0.0	2
DUP_11_58468343_58469739_104_46_155_58_44_12	11	58468343	58469739	DUP	100.0	0.0	0.0	2
DUP_11_62506011_62507222_58_210_95_169_199_49	11	62506011	62507222	DUP	100.0	0.0	0.0	2
DUP_11_64419369_64420220_205_85_46_200_210_123	11	64419369	64420220	DUP	100.0	0.0	0.0	2
DUP_11_65645851_65646011_140_136_69_83_170_98	11	65645851	65646011	DUP	100.0	0.0	0.0	2
DUP_12_17049876_17050709_85_172_155_133_54_45	12	17049876	17050709	DUP	100.0	0.0	0.0	2
DUP_12_193248_194009_200_180_0_4_108_7	12	193248	194009	DUP	100.0	0.0	0.0	2
DUP_12_20792782_20793887_140_205_36_64_114_85	12	20792782	20793887	DUP	100.0	0.0	0.0	2
DUP_12_28787286_28789472_98_6_100_8_99_143	12	28787286	28789472	DUP	100.0	0.0	0.0	2
DUP_12_29374283_29376356_160_174_185_45_126_201	12	29374283	29376356	DUP	100.0	0.0	0.0	2
DUP_12_32526762_32528309_207_152_33_108_211_81	12	32526762	32528309	DUP	100.0	0.0	0.0	2
DUP_12_35519331_35520929_28_18_98_203_176_3	12	35519331	35520929	DUP	100.0	0.0	0.0	2
DUP_12_4470892_4471695_202_199_200_129_121_97	12	4470892	4471695	DUP	100.0	0.0	0.0	2
DUP_12_47943423_47944258_83_142_96_203_64_170	12	47943423	47944258	DUP	100.0	0.0	0.0	2
DUP_12_53800277_53804059_106_202_73_6_175_41	12	53800277	53804059	DUP	100.0	0.0	0.0	2
DUP_12_53965719_53969516_160_184_186_85_8_189	12	53965719	53969516	DUP	100.0	0.0	0.0	2
DUP_12_61221136_61222397_211_25_196_69_121_118	12	61221136	61222397	DUP	100.0	0.0	0.0	2
DUP_12_6429604_6432073_107_165_16_41_40_89	12	6429604	6432073	DUP	100.0	0.0	0.0	2
DUP_12_65082137_65082562_146_160_29_205_188_61	12	65082137	65082562	DUP	100.0	0.0	0.0	2
DUP_12_66067299_66067916_56_45_179_181_125_131	12	66067299	66067916	DUP	100.0	0.0	0.0	2
DUP_12_71274998_71275880_206_11_126_36_164_42	12	71274998	71275880	DUP	100.0	0.0	0.0	2
DUP_12_7596097_7598320_11_27_132_73_186_68	12	7596097	7598320	DUP	100.0	0.0	0.0	2
DUP_13_17072166_17073405_23_98_182_80_185_64	13	17072166	17073405	DUP	100.0	0.0	0.0	2
DUP_13_18265227_18266560_66_145_88_118_58_180	13	18265227	18266560	DUP	100.0	0.0	0.0	2
DUP_13_24345748_24346693_152_175_72_185_44_78	13	24345748	24346693	DUP	100.0	0.0	0.0	2
DUP_13_29504999_29506477_141_142_184_64_182_76	13	29504999	29506477	DUP	100.0	0.0	0.0	2
DUP_13_38536048_38536485_183_23_80_174_192_114	13	38536048	38536485	DUP	100.0	0.0	0.0	2
DUP_13_46734_52938_40_130_183_68_112_96	13	46734	52938	DUP	100.0	0.0	0.0	2
DUP_13_51828058_51829905_191_84_73_210_206_66	13	51828058	51829905	DUP	100.0	0.0	0.0	2
DUP_13_59266644_59280803_137_65_64_118_171_28	13	59266644	59280803	DUP	100.0	0.0	0.0	2
DUP_13_59524740_59561778_10_189_192_39_11_22	13	59524740	59561778	DUP	100.0	0.0	0.0	2
DUP_13_61176875_61177773_121_98_106_138_61_167	13	61176875	61177773	DUP	100.0	0.0	0.0	2
DUP_13_9018546_9020442_143_57_58_167_138_99	13	9018546	9020442	DUP	100.0	0.0	0.0	2
DUP_14_1031212_1032364_70_71_19_40_134_20	14	1031212	1032364	DUP	100.0	0.0	0.0	2
DUP_14_10741656_10741859_36_52_159_78_125_169	14	10741656	10741859	DUP	100.0	0.0	0.0	2
DUP_14_18650803_18654089_85_63_208_122_84_196	14	18650803	18654089	DUP	100.0	0.0	0.0	2
DUP_14_19274472_19274928_201_25_59_167_184_157	14	19274472	19274928	DUP	100.0	0.0	0.0	2
DUP_14_20919258_20920900_93_171_129_84_204_48	14	20919258	20920900	DUP	100.0	0.0	0.0	2
DUP_14_25293359_25294366_18_44_3_143_130_115	14	25293359	25294366	DUP	100.0	0.0	0.0	2
DUP_14_29444658_29444980_64_51_101_37_29_76	14	29444658	29444980	DUP	100.0	0.0	0.0	2
DUP_14_35315875_35316053_21_107_148_151_13_62	14	35315875	35316053	DUP	100.0	0.0	0.0	2
DUP_14_42738975_42740065_121_24_118_120_62_194	14	42738975	42740065	DUP	100.0	0.0	0.0	2
DUP_14_47917467_47918751_163_112_59_186_164_106	14	47917467	47918751	DUP	100.0	0.0	0.0	2
DUP_14_51247588_51248243_10_104_61_90_210_176	14	51247588	51248243	DUP	100.0	0.0	0.0	2
DUP_14_57191285_57192412_170_10_119_23_117_189	14	57191285	57192412	DUP	100.0	0.0	0.0	2
DUP_14_59150611_59160614_171_165_126_205_198_148	14	59150611	59160614	DUP	100.0	0.0	0.0	2
DUP_14_6081788_6082171_41_111_7_112_186_188	14	6081788	6082171	DUP	100.0	0.0	0.0	2
DUP_15_21568244_21570026_144_45_50_131_67_154	15	21568244	21570026	DUP	100.0	0.0	0.0	2
DUP_15_30924529_30926324_205_100_116_105_161_191	15	30924529	30926324	DUP	100.0	0.0	0.0	2
DUP_15_33302077_33303429_126_92_164_66_64_56	15	33302077	33303429	DUP	100.0	0.0	0.0	2
DUP_15_34394866_34395800_207_48_50_31_9_97	15	34394866	34395800	DUP	100.0	0.0	0.0	2
DUP_15_36173615_36175292_0_49_133_194_28_103	15	36173615	36175292	DUP	100.0	0.0	0.0	2
DUP_15_49812561_49813502_193_15_172_5_170_58	15	49812561	49813502	DUP	100.0	0.0	0.0	2
DUP_15_50461954_50463775_2_137_211_186_112_198	15	50461954	50463775	DUP	100.0	0.0	0.0	2
DUP_15_54665807_54669315_130_26_68_59_133_100	15	54665807	54669315	DUP	100.0	0.0	0.0	2
DUP_15_55395407_55401689_89_168_173_27_85_54	15	55395407	55401689	DUP	100.0	0.0	0.0	2
DUP_15_9567489_9569187_24_167_4_199_22_186	15	9567489	9569187	DUP	100.0	0.0	0.0	2
DUP_16_25909742_25910343_121_71_178_84_25_80	16	25909742	25910343	DUP	100.0	0.0	0.0	2
DUP_16_3000552_3002225_53_187_129_151_21_178	16	3000552	3002225	DUP	100.0	0.0	0.0	2
DUP_16_33731222_33731454_52_88_94_135_72_90	16	33731222	33731454	DUP	100.0	0.0	0.0	2
DUP_16_35688827_35699752_195_59_64_186_87_15	16	35688827	35699752	DUP	100.0	0.0	0.0	2
DUP_16_56096080_56098467_71_123_192_23_198_183	16	56096080	56098467	DUP	100.0	0.0	0.0	2
DUP_16_56479835_56484395_149_119_84_190_33_107	16	56479835	56484395	DUP	100.0	0.0	0.0	2
DUP_16_56566902_56568404_168_78_101_61_211_25	16	56566902	56568404	DUP	100.0	0.0	0.0	2
DUP_16_58895576_58896466_148_114_93_184_205_163	16	58895576	58896466	DUP	100.0	0.0	0.0	2
DUP_17_10481765_10483485_2_122_57_147_65_119	17	10481765	10483485	DUP	100.0	0.0	0.0	2
DUP_17_14142766_14146299_58_145_139_204_64_45	17	14142766	14146299	DUP	100.0	0.0	0.0	2
DUP_17_34348282_34349386_37_50_54_186_161_62	17	34348282	34349386	DUP	100.0	0.0	0.0	2
DUP_17_48223440_48225062_199_72_65_69_33_128	17	48223440	48225062	DUP	100.0	0.0	0.0	2
DUP_17_48506978_48507619_143_174_129_66_41_149	17	48506978	48507619	DUP	100.0	0.0	0.0	2
DUP_17_51333694_51337331_46_149_4_101_167_77	17	51333694	51337331	DUP	100.0	0.0	0.0	2
DUP_17_51962112_51962606_47_88_84_54_8_107	17	51962112	51962606	DUP	100.0	0.0	0.0	2
DUP_17_52825422_52827914_150_78_205_164_149_23	17	52825422	52827914	DUP	100.0	0.0	0.0	2
DUP_17_53642069_53643323_97_128_19_205_53_169	17	53642069	53643323	DUP	100.0	0.0	0.0	2
DUP_17_55678341_55684720_123_91_62_211_73_25	17	55678341	55684720	DUP	100.0	0.0	0.0	2
DUP_17_58300439_58301581_79_2_100_203_177_193	17	58300439	58301581	DUP	100.0	0.0	0.0	2
DUP_17_8357144_8359101_71_35_92_0_159_164	17	8357144	8359101	DUP	100.0	0.0	0.0	2
DUP_18_12388211_12389796_120_43_30_106_57_82	18	12388211	12389796	DUP	100.0	0.0	0.0	2
DUP_18_13924931_13925398_92_40_158_111_155_179	18	13924931	13925398	DUP	100.0	0.0	0.0	2
DUP_18_16929493_16935009_108_8_198_184_56_3	18	16929493	16935009	DUP	100.0	0.0	0.0	2
DUP_18_34222115_34223468_129_96_132_8_148_198	18	34222115	34223468	DUP	100.0	0.0	0.0	2
DUP_18_35295772_35296833_106_154_51_208_173_197	18	35295772	35296833	DUP	100.0	0.0	0.0	2
DUP_18_39465500_39466565_54_174_3_199_168_193	18	39465500	39466565	DUP	100.0	0.0	0.0	2
DUP_18_41915240_41917791_191_81_115_43_0_121	18	41915240	41917791	DUP	100.0	0.0	0.0	2
DUP_18_43804947_43806511_102_174_130_104_208_19	18	43804947	43806511	DUP	100.0	0.0	0.0	2
DUP_18_48707243_48709187_87_119_98_123_163_99	18	48707243	48709187	DUP	100.0	0.0	0.0	2
DUP_18_52347057_52360587_46_37_27_148_96_28	18	52347057	52360587	DUP	100.0	0.0	0.0	2
DUP_18_7283413_7284407_115_44_67_86_25_84	18	7283413	7284407	DUP	100.0	0.0	0.0	2
DUP_19_14971167_14974339_66_51_41_117_101_206	19	14971167	14974339	DUP	100.0	0.0	0.0	2
DUP_19_18102191_18102388_123_144_122_66_96_91	19	18102191	18102388	DUP	100.0	0.0	0.0	2
DUP_19_19703437_19703945_200_103_108_190_176_62	19	19703437	19703945	DUP	100.0	0.0	0.0	2
DUP_19_20465427_20472317_36_40_135_170_0_107	19	20465427	20472317	DUP	100.0	0.0	0.0	2
DUP_19_20465432_20472605_123_151_136_116_145_95	19	20465432	20472605	DUP	100.0	0.0	0.0	2
DUP_19_22205662_22207021_142_129_69_77_56_124	19	22205662	22207021	DUP	100.0	0.0	0.0	2
DUP_19_25429671_25430981_175_16_90_112_7_30	19	25429671	25430981	DUP	100.0	0.0	0.0	2
DUP_19_27256298_27257278_119_166_43_44_181_78	19	27256298	27257278	DUP	100.0	0.0	0.0	2
DUP_19_29061313_29062411_79_94_12_54_121_10	19	29061313	29062411	DUP	100.0	0.0	0.0	2
DUP_19_30414376_30415926_195_129_32_114_99_118	19	30414376	30415926	DUP	100.0	0.0	0.0	2
DUP_19_32076144_32076614_0_171_39_157_146_46	19	32076144	32076614	DUP	100.0	0.0	0.0	2
DUP_19_35563638_35564398_71_124_126_80_103_134	19	35563638	35564398	DUP	100.0	0.0	0.0	2
DUP_19_46582484_46583598_3_27_18_52_167_138	19	46582484	46583598	DUP	100.0	0.0	0.0	2
DUP_19_47806706_47807978_177_191_190_80_137_148	19	47806706	47807978	DUP	100.0	0.0	0.0	2
DUP_19_48506385_48507896_180_65_156_177_198_56	19	48506385	48507896	DUP	100.0	0.0	0.0	2
DUP_19_7222525_7224788_68_91_111_105_39_25	19	7222525	7224788	DUP	100.0	0.0	0.0	2
DUP_1_105253529_105254647_174_11_113_117_190_153	1	105253529	105254647	DUP	100.0	0.0	0.0	2
DUP_1_12681345_12801092_127_206_131_130_58_145	1	12681345	12801092	DUP	100.0	0.0	0.0	2
DUP_1_13564355_13565903_132_121_13_112_18_136	1	13564355	13565903	DUP	100.0	0.0	0.0	2
DUP_1_17070166_17070667_75_180_52_104_117_183	1	17070166	17070667	DUP	100.0	0.0	0.0	2
DUP_1_18363540_18365145_202_39_175_142_68_151	1	18363540	18365145	DUP	100.0	0.0	0.0	2
DUP_1_21840508_21842315_171_83_209_95_203_164	1	21840508	21842315	DUP	100.0	0.0	0.0	2
DUP_1_25848740_25849346_73_103_34_116_75_112	1	25848740	25849346	DUP	100.0	0.0	0.0	2
DUP_1_37784694_37787074_137_50_84_170_138_39	1	37784694	37787074	DUP	100.0	0.0	0.0	2
DUP_1_39654576_39655615_187_120_133_19_138_40	1	39654576	39655615	DUP	100.0	0.0	0.0	2
DUP_1_41810410_41812166_182_179_134_112_142_11	1	41810410	41812166	DUP	100.0	0.0	0.0	2
DUP_1_42590197_42590478_177_105_63_184_129_136	1	42590197	42590478	DUP	100.0	0.0	0.0	2
DUP_1_43661654_43663170_118_136_116_166_89_76	1	43661654	43663170	DUP	100.0	0.0	0.0	2
DUP_1_456267_458956_68_156_97_120_114_78	1	456267	458956	DUP	100.0	0.0	0.0	2
DUP_1_57224194_57226490_203_144_138_15_106_123	1	57224194	57226490	DUP	100.0	0.0	0.0	2
DUP_1_59565069_59565607_24_156_2_106_208_19	1	59565069	59565607	DUP	100.0	0.0	0.0	2
DUP_1_5971856_5973346_122_160_24_90_54_192	1	5971856	5973346	DUP	100.0	0.0	0.0	2
DUP_1_61952664_61957554_187_86_142_18_161_27	1	61952664	61957554	DUP	100.0	0.0	0.0	2
DUP_1_74746162_74747723_43_32_52_20_28_60	1	74746162	74747723	DUP	100.0	0.0	0.0	2
DUP_1_7847068_7848332_3_184_71_158_174_107	1	7847068	7848332	DUP	100.0	0.0	0.0	2
DUP_1_84854591_84854852_56_62_92_52_1_123	1	84854591	84854852	DUP	100.0	0.0	0.0	2
DUP_1_85787995_85790514_122_82_150_75_176_210	1	85787995	85790514	DUP	100.0	0.0	0.0	2
DUP_1_86089472_86090447_171_199_120_109_61_102	1	86089472	86090447	DUP	100.0	0.0	0.0	2
DUP_1_88685970_88686318_84_57_13_25_138_81	1	88685970	88686318	DUP	100.0	0.0	0.0	2
DUP_1_93726034_93727813_159_36_23_89_83_49	1	93726034	93727813	DUP	100.0	0.0	0.0	2
DUP_20_12977788_12978997_208_100_87_161_184_60	20	12977788	12978997	DUP	100.0	0.0	0.0	2
DUP_20_23711313_23712714_36_27_102_59_140_153	20	23711313	23712714	DUP	100.0	0.0	0.0	2
DUP_20_29768130_29768685_111_123_44_169_29_146	20	29768130	29768685	DUP	100.0	0.0	0.0	2
DUP_20_30795839_30797634_143_164_186_38_156_40	20	30795839	30797634	DUP	100.0	0.0	0.0	2
DUP_20_40409489_40411965_102_192_29_111_8_109	20	40409489	40411965	DUP	100.0	0.0	0.0	2
DUP_20_55796873_55797832_14_121_126_76_203_171	20	55796873	55797832	DUP	100.0	0.0	0.0	2
DUP_20_6489097_6489655_153_111_91_208_139_36	20	6489097	6489655	DUP	100.0	0.0	0.0	2
DUP_21_25824281_25824762_142_195_172_110_3_124	21	25824281	25824762	DUP	100.0	0.0	0.0	2
DUP_21_34174730_34175982_130_40_55_54_112_96	21	34174730	34175982	DUP	100.0	0.0	0.0	2
DUP_21_34513493_34514607_60_192_125_153_169_196	21	34513493	34514607	DUP	100.0	0.0	0.0	2
DUP_21_38757550_38759711_56_157_152_156_16_142	21	38757550	38759711	DUP	100.0	0.0	0.0	2
DUP_21_43917363_43918761_171_113_56_28_164_63	21	43917363	43918761	DUP	100.0	0.0	0.0	2
DUP_21_44252718_44253158_187_18_94_16_206_160	21	44252718	44253158	DUP	100.0	0.0	0.0	2
DUP_21_4480141_4483517_12_115_134_177_81_87	21	4480141	4483517	DUP	100.0	0.0	0.0	2
DUP_21_9068928_9070417_137_201_120_121_42_145	21	9068928	9070417	DUP	100.0	0.0	0.0	2
DUP_21_9524331_9527111_203_173_31_117_70_162	21	9524331	9527111	DUP	100.0	0.0	0.0	2
DUP_22_12408262_12412706_94_72_18_206_166_133	22	12408262	12412706	DUP	100.0	0.0	0.0	2
DUP_22_14526035_14544281_60_137_67_164_102_36	22	14526035	14544281	DUP	100.0	0.0	0.0	2
DUP_22_15873945_15874877_194_152_52_93_89_36	22	15873945	15874877	DUP	100.0	0.0	0.0	2
DUP_22_18701384_18701552_145_170_172_36_51_184	22	18701384	18701552	DUP	100.0	0.0	0.0	2
DUP_22_20874001_20875303_37_32_194_7_15_25	22	20874001	20875303	DUP	100.0	0.0	0.0	2
DUP_22_22304051_22310408_165_204_151_184_161_66	22	22304051	22310408	DUP	100.0	0.0	0.0	2
DUP_22_25060605_25061453_105_46_100_106_62_101	22	25060605	25061453	DUP	100.0	0.0	0.0	2
DUP_22_36811678_36813561_174_51_158_70_58_12	22	36811678	36813561	DUP	100.0	0.0	0.0	2
DUP_22_39144117_39144463_107_28_196_132_118_14	22	39144117	39144463	DUP	100.0	0.0	0.0	2
DUP_22_41081626_41089241_146_176_55_20_177_66	22	41081626	41089241	DUP	100.0	0.0	0.0	2
DUP_22_50689017_50690168_76_47_109_68_140_102	22	50689017	50690168	DUP	100.0	0.0	0.0	2
DUP_22_53255458_53256747_181_115_65_51_33_46	22	53255458	53256747	DUP	100.0	0.0	0.0	2
DUP_23_10721085_10724371_148_8_15_85_66_169	23	10721085	10724371	DUP	100.0	0.0	0.0	2
DUP_23_18136084_18141368_156_76_191_90_71_141	23	18136084	18141368	DUP	100.0	0.0	0.0	2
DUP_23_18944797_18946283_200_191_94_81_167_28	23	18944797	18946283	DUP	100.0	0.0	0.0	2
DUP_23_21213055_21289446_64_9_34_195_1_52	23	21213055	21289446	DUP	100.0	0.0	0.0	2
DUP_23_22095985_22096880_57_55_162_209_160_92	23	22095985	22096880	DUP	100.0	0.0	0.0	2
DUP_23_24560730_24564758_142_118_34_61_202_177	23	24560730	24564758	DUP	100.0	0.0	0.0	2
DUP_23_25151129_25217003_48_134_138_153_208_56	23	25151129	25217003	DUP	100.0	0.0	0.0	2
DUP_23_29513766_29516747_111_68_85_120_189_2	23	29513766	29516747	DUP	100.0	0.0	0.0	2
DUP_23_3100213_3100569_169_112_89_137_62_69	23	3100213	3100569	DUP	100.0	0.0	0.0	2
DUP_23_35112569_35114153_170_9_61_122_132_211	23	35112569	35114153	DUP	100.0	0.0	0.0	2
DUP_23_38831865_38833507_183_143_28_205_32_123	23	38831865	38833507	DUP	100.0	0.0	0.0	2
DUP_23_40842423_40845045_158_159_66_203_81_193	23	40842423	40845045	DUP	100.0	0.0	0.0	2
DUP_23_43473650_43475029_192_165_176_109_62_145	23	43473650	43475029	DUP	100.0	0.0	0.0	2
DUP_23_44593350_44594219_61_207_86_23_112_78	23	44593350	44594219	DUP	100.0	0.0	0.0	2
DUP_23_48361740_48362565_3_60_125_190_28_165	23	48361740	48362565	DUP	100.0	0.0	0.0	2
DUP_23_52146965_52147890_60_30_36_208_8_42	23	52146965	52147890	DUP	100.0	0.0	0.0	2
DUP_23_6243022_6244353_174_71_119_190_42_175	23	6243022	6244353	DUP	100.0	0.0	0.0	2
DUP_24_16065082_16066787_91_185_41_21_49_157	24	16065082	16066787	DUP	100.0	0.0	0.0	2
DUP_24_16595893_16596908_64_151_186_200_152_121	24	16595893	16596908	DUP	100.0	0.0	0.0	2
DUP_24_19180028_19181384_165_1_204_76_94_134	24	19180028	19181384	DUP	100.0	0.0	0.0	2
DUP_24_19457223_19479261_201_55_27_184_80_126	24	19457223	19479261	DUP	100.0	0.0	0.0	2
DUP_24_29982110_30013502_17_115_89_123_41_95	24	29982110	30013502	DUP	100.0	0.0	0.0	2
DUP_24_39983254_39988213_2_118_143_189_183_177	24	39983254	39988213	DUP	100.0	0.0	0.0	2
DUP_24_41181787_41182655_84_9_148_209_19_146	24	41181787	41182655	DUP	100.0	0.0	0.0	2
DUP_24_42782018_42871902_5_58_40_211_73_124	24	42782018	42871902	DUP	100.0	0.0	0.0	2
DUP_24_8730244_8732518_175_97_76_16_118_127	24	8730244	8732518	DUP	100.0	0.0	0.0	2
DUP_25_12635710_12638287_86_148_192_137_31_170	25	12635710	12638287	DUP	100.0	0.0	0.0	2
DUP_25_1357138_1358586_56_25_89_193_26_120	25	1357138	1358586	DUP	100.0	0.0	0.0	2
DUP_25_25465667_25467440_149_89_129_19_209_59	25	25465667	25467440	DUP	100.0	0.0	0.0	2
DUP_25_25967031_25970458_87_175_100_28_20_151	25	25967031	25970458	DUP	100.0	0.0	0.0	2
DUP_25_32738172_32740110_178_141_143_40_81_101	25	32738172	32740110	DUP	100.0	0.0	0.0	2
DUP_25_35657182_35658039_120_39_100_129_164_208	25	35657182	35658039	DUP	100.0	0.0	0.0	2
DUP_25_4271404_4271749_189_168_69_104_172_198	25	4271404	4271749	DUP	100.0	0.0	0.0	2
DUP_25_50024549_50025592_134_203_93_17_158_187	25	50024549	50025592	DUP	100.0	0.0	0.0	2
DUP_25_8056070_8057641_125_126_103_146_121_199	25	8056070	8057641	DUP	100.0	0.0	0.0	2
DUP_26_11430191_11432468_146_211_143_32_150_183	26	11430191	11432468	DUP	100.0	0.0	0.0	2
DUP_26_14837242_14839125_157_119_69_106_120_36	26	14837242	14839125	DUP	100.0	0.0	0.0	2
DUP_26_15858095_15858911_83_187_40_8_73_27	26	15858095	15858911	DUP	100.0	0.0	0.0	2
DUP_26_28181817_28182667_97_134_10_63_46_76	26	28181817	28182667	DUP	100.0	0.0	0.0	2
DUP_26_32511072_32513564_126_100_158_204_98_141	26	32511072	32513564	DUP	100.0	0.0	0.0	2
DUP_26_32833487_32834456_90_153_53_63_177_101	26	32833487	32834456	DUP	100.0	0.0	0.0	2
DUP_26_35422076_35423345_121_148_205_152_145_22	26	35422076	35423345	DUP	100.0	0.0	0.0	2
DUP_26_36204163_36205049_206_99_185_102_196_211	26	36204163	36205049	DUP	100.0	0.0	0.0	2
DUP_26_3874112_3875102_11_127_211_164_109_156	26	3874112	3875102	DUP	100.0	0.0	0.0	2
DUP_26_8947207_8949046_162_57_52_100_33_138	26	8947207	8949046	DUP	100.0	0.0	0.0	2
DUP_27_14588329_14589460_62_112_151_90_103_81	27	14588329	14589460	DUP	100.0	0.0	0.0	2
DUP_27_23727250_23727456_104_200_149_206_196_186	27	23727250	23727456	DUP	100.0	0.0	0.0	2
DUP_27_28634053_28644814_36_186_112_63_40_62	27	28634053	28644814	DUP	100.0	0.0	0.0	2
DUP_27_28822558_28825212_148_76_3_86_21_78	27	28822558	28825212	DUP	100.0	0.0	0.0	2
DUP_27_32971409_32972291_39_184_153_137_7_38	27	32971409	32972291	DUP	100.0	0.0	0.0	2
DUP_27_33760257_33762177_112_117_67_154_202_186	27	33760257	33762177	DUP	100.0	0.0	0.0	2
DUP_27_39957047_39958533_173_184_23_19_54_6	27	39957047	39958533	DUP	100.0	0.0	0.0	2
DUP_27_41434804_41436027_194_88_157_89_208_149	27	41434804	41436027	DUP	100.0	0.0	0.0	2
DUP_27_43187150_43188078_125_209_136_206_96_18	27	43187150	43188078	DUP	100.0	0.0	0.0	2
DUP_27_43851540_43883990_46_183_18_136_19_148	27	43851540	43883990	DUP	100.0	0.0	0.0	2
DUP_27_44179476_44180914_172_181_24_0_98_1	27	44179476	44180914	DUP	100.0	0.0	0.0	2
DUP_27_5127428_5129314_205_67_2_34_96_19	27	5127428	5129314	DUP	100.0	0.0	0.0	2
DUP_27_7240985_7243143_205_98_206_193_33_70	27	7240985	7243143	DUP	100.0	0.0	0.0	2
DUP_28_15630394_15636026_150_21_62_194_90_156	28	15630394	15636026	DUP	100.0	0.0	0.0	2
DUP_28_2236_2748_90_160_10_77_198_31	28	2236	2748	DUP	100.0	0.0	0.0	2
DUP_28_33184708_33187352_121_92_180_72_114_57	28	33184708	33187352	DUP	100.0	0.0	0.0	2
DUP_28_35037298_35039310_171_22_179_78_198_36	28	35037298	35039310	DUP	100.0	0.0	0.0	2
DUP_28_38711964_38712626_170_32_65_151_64_201	28	38711964	38712626	DUP	100.0	0.0	0.0	2
DUP_28_39395026_39402327_135_142_184_148_156_60	28	39395026	39402327	DUP	100.0	0.0	0.0	2
DUP_28_4569083_4572008_184_191_15_16_34_148	28	4569083	4572008	DUP	100.0	0.0	0.0	2
DUP_28_5037624_5040958_81_109_78_203_17_119	28	5037624	5040958	DUP	100.0	0.0	0.0	2
DUP_28_9522283_9522711_76_24_23_137_178_148	28	9522283	9522711	DUP	100.0	0.0	0.0	2
DUP_29_11053892_11054845_206_40_133_198_112_211	29	11053892	11054845	DUP	100.0	0.0	0.0	2
DUP_29_17258660_17260205_52_25_64_81_102_109	29	17258660	17260205	DUP	100.0	0.0	0.0	2
DUP_29_18194776_18195039_159_191_171_59_143_132	29	18194776	18195039	DUP	100.0	0.0	0.0	2
DUP_29_23401717_23402871_209_155_128_62_30_187	29	23401717	23402871	DUP	100.0	0.0	0.0	2
DUP_29_2602819_2603930_160_149_103_52_93_63	29	2602819	2603930	DUP	100.0	0.0	0.0	2
DUP_29_28325866_28327519_206_51_15_78_155_128	29	28325866	28327519	DUP	100.0	0.0	0.0	2
DUP_29_29564780_29585911_202_159_176_133_98_191	29	29564780	29585911	DUP	100.0	0.0	0.0	2
DUP_29_30007659_30008503_64_181_148_70_57_100	29	30007659	30008503	DUP	100.0	0.0	0.0	2
DUP_29_3112553_3112895_168_138_80_106_171_1	29	3112553	3112895	DUP	100.0	0.0	0.0	2
DUP_29_34997486_34998978_142_2_65_187_44_17	29	34997486	34998978	DUP	100.0	0.0	0.0	2
DUP_2_16120691_16120929_138_90_30_82_116_141	2	16120691	16120929	DUP	100.0	0.0	0.0	2
DUP_2_19324863_19326509_63_180_3_23_102_16	2	19324863	19326509	DUP	100.0	0.0	0.0	2
DUP_2_27277417_27279776_200_26_37_33_182_142	2	27277417	27279776	DUP	100.0	0.0	0.0	2
DUP_2_28868473_28869551_125_183_33_126_66_63	2	28868473	28869551	DUP	100.0	0.0	0.0	2
DUP_2_33213121_33214404_109_17_62_79_84_95	2	33213121	33214404	DUP	100.0	0.0	0.0	2
DUP_2_35523195_35527385_132_32_156_40_41_122	2	35523195	35527385	DUP	100.0	0.0	0.0	2
DUP_2_36310351_36319117_80_4_211_144_166_19	2	36310351	36319117	DUP	100.0	0.0	0.0	2
DUP_2_50584455_50586253_36_103_143_15_55_62	2	50584455	50586253	DUP	100.0	0.0	0.0	2
DUP_2_62396960_62398689_195_100_44_210_102_150	2	62396960	62398689	DUP	100.0	0.0	0.0	2
DUP_2_67202994_67204144_167_27_88_30_31_50	2	67202994	67204144	DUP	100.0	0.0	0.0	2
DUP_2_70237130_70237913_91_175_189_126_208_85	2	70237130	70237913	DUP	100.0	0.0	0.0	2
DUP_2_72794524_72794895_180_10_132_60_154_7	2	72794524	72794895	DUP	100.0	0.0	0.0	2
DUP_30_11965306_11971439_115_86_106_165_50_13	30	11965306	11971439	DUP	100.0	0.0	0.0	2
DUP_30_11979234_11980933_30_118_68_211_161_38	30	11979234	11980933	DUP	100.0	0.0	0.0	2
DUP_30_13352660_13353731_68_168_42_196_161_175	30	13352660	13353731	DUP	100.0	0.0	0.0	2
DUP_30_137844_150080_24_178_5_135_172_12	30	137844	150080	DUP	100.0	0.0	0.0	2
DUP_30_16407315_16417818_105_87_144_209_82_178	30	16407315	16417818	DUP	100.0	0.0	0.0	2
DUP_30_17548789_17549953_25_173_145_78_30_2	30	17548789	17549953	DUP	100.0	0.0	0.0	2
DUP_30_18781767_18783825_32_22_195_156_34_165	30	18781767	18783825	DUP	100.0	0.0	0.0	2
DUP_30_28724946_28726574_195_198_104_134_188_169	30	28724946	28726574	DUP	100.0	0.0	0.0	2
DUP_30_31569067_31571385_208_0_1_149_186_203	30	31569067	31571385	DUP	100.0	0.0	0.0	2
DUP_30_31571364_31573301_128_2_186_64_37_193	30	31571364	31573301	DUP	100.0	0.0	0.0	2
DUP_30_36684480_36686113_175_67_103_89_12_50	30	36684480	36686113	DUP	100.0	0.0	0.0	2
DUP_30_39980476_40011858_167_35_46_69_188_78	30	39980476	40011858	DUP	100.0	0.0	0.0	2
DUP_30_9720891_9721426_142_210_113_38_137_129	30	9720891	9721426	DUP	100.0	0.0	0.0	2
DUP_31_1230919_1254771_21_107_119_153_122_140	31	1230919	1254771	DUP	100.0	0.0	0.0	2
DUP_31_15063054_15065031_41_110_55_159_4_33	31	15063054	15065031	DUP	100.0	0.0	0.0	2
DUP_31_18502958_18505649_82_158_17_124_131_169	31	18502958	18505649	DUP	100.0	0.0	0.0	2
DUP_31_2420579_2423432_151_105_37_42_185_144	31	2420579	2423432	DUP	100.0	0.0	0.0	2
DUP_31_4285110_4296586_42_14_159_12_46_43	31	4285110	4296586	DUP	100.0	0.0	0.0	2
DUP_31_6534187_6538242_74_96_61_164_85_139	31	6534187	6538242	DUP	100.0	0.0	0.0	2
DUP_31_8840936_8842973_71_160_211_148_182_198	31	8840936	8842973	DUP	100.0	0.0	0.0	2
DUP_32_10102398_10110217_199_101_4_88_176_12	32	10102398	10110217	DUP	100.0	0.0	0.0	2
DUP_32_11035246_11035899_130_109_102_184_45_151	32	11035246	11035899	DUP	100.0	0.0	0.0	2
DUP_32_14840556_14841222_117_144_184_80_210_10	32	14840556	14841222	DUP	100.0	0.0	0.0	2
DUP_32_18342402_18343820_30_0_57_5_175_147	32	18342402	18343820	DUP	100.0	0.0	0.0	2
DUP_32_23622981_23623149_114_119_6_105_81_173	32	23622981	23623149	DUP	100.0	0.0	0.0	2
DUP_32_30530749_30535749_126_76_153_177_105_143	32	30530749	30535749	DUP	100.0	0.0	0.0	2
DUP_32_33688902_33689277_198_120_56_177_55_7	32	33688902	33689277	DUP	100.0	0.0	0.0	2
DUP_32_36555207_36557875_110_154_24_57_175_193	32	36555207	36557875	DUP	100.0	0.0	0.0	2
DUP_32_3935888_3937303_188_40_149_185_182_139	32	3935888	3937303	DUP	100.0	0.0	0.0	2
DUP_32_4483768_4487544_171_156_2_128_40_208	32	4483768	4487544	DUP	100.0	0.0	0.0	2
DUP_32_4882271_4882484_62_204_118_20_102_138	32	4882271	4882484	DUP	100.0	0.0	0.0	2
DUP_32_5040578_5040792_168_104_64_48_67_2	32	5040578	5040792	DUP	100.0	0.0	0.0	2
DUP_33_18135108_18140582_66_177_8_39_77_124	33	18135108	18140582	DUP	100.0	0.0	0.0	2
DUP_33_2569775_2571214_42_172_134_76_94_136	33	2569775	2571214	DUP	100.0	0.0	0.0	2
DUP_33_2696183_2697841_157_79_120_24_210_0	33	2696183	2697841	DUP	100.0	0.0	0.0	2
DUP_33_9023097_9025251_118_5_166_14_129_16	33	9023097	9025251	DUP	100.0	0.0	0.0	2
DUP_34_13599144_13605608_58_203_184_211_101_53	34	13599144	13605608	DUP	100.0	0.0	0.0	2
DUP_34_1927413_1927942_137_201_115_50_0_131	34	1927413	1927942	DUP	100.0	0.0	0.0	2
DUP_34_19742654_19743398_36_172_134_113_81_176	34	19742654	19743398	DUP	100.0	0.0	0.0	2
DUP_34_2068261_2068876_156_46_80_37_76_173	34	2068261	2068876	DUP	100.0	0.0	0.0	2
DUP_34_26085390_26086948_53_189_190_117_136_134	34	26085390	26086948	DUP	100.0	0.0	0.0	2
DUP_34_31552205_31553159_172_49_91_92_62_2	34	31552205	31553159	DUP	100.0	0.0	0.0	2
DUP_34_31815031_31815472_99_98_2_129_210_91	34	31815031	31815472	DUP	100.0	0.0	0.0	2
DUP_34_39193622_39197609_64_105_197_179_192_180	34	39193622	39197609	DUP	100.0	0.0	0.0	2
DUP_34_39947730_39956442_115_85_114_98_97_163	34	39947730	39956442	DUP	100.0	0.0	0.0	2
DUP_34_42027342_42029384_73_193_107_69_22_128	34	42027342	42029384	DUP	100.0	0.0	0.0	2
DUP_35_10251802_10252807_99_45_7_147_106_44	35	10251802	10252807	DUP	100.0	0.0	0.0	2
DUP_35_18698524_18699064_7_28_133_9_163_201	35	18698524	18699064	DUP	100.0	0.0	0.0	2
DUP_35_7581074_7591780_187_176_21_127_147_115	35	7581074	7591780	DUP	100.0	0.0	0.0	2
DUP_35_7661270_7661608_100_0_77_147_21_102	35	7661270	7661608	DUP	100.0	0.0	0.0	2
DUP_36_17050067_17050502_125_57_131_160_75_146	36	17050067	17050502	DUP	100.0	0.0	0.0	2
DUP_36_22587017_22589836_147_51_129_194_64_28	36	22587017	22589836	DUP	100.0	0.0	0.0	2
DUP_36_23111782_23113614_21_84_30_29_185_112	36	23111782	23113614	DUP	100.0	0.0	0.0	2
DUP_36_28189989_28191519_32_187_82_208_136_112	36	28189989	28191519	DUP	100.0	0.0	0.0	2
DUP_36_4367825_4369147_147_95_173_142_126_80	36	4367825	4369147	DUP	100.0	0.0	0.0	2
DUP_37_10394453_10397368_136_94_101_123_146_77	37	10394453	10397368	DUP	100.0	0.0	0.0	2
DUP_37_11354010_11356569_50_162_106_54_209_182	37	11354010	11356569	DUP	100.0	0.0	0.0	2
DUP_37_14536444_14538215_70_166_161_198_101_165	37	14536444	14538215	DUP	100.0	0.0	0.0	2
DUP_37_17131340_17132544_122_91_133_138_54_7	37	17131340	17132544	DUP	100.0	0.0	0.0	2
DUP_37_17871338_17874373_13_125_132_1_102_34	37	17871338	17874373	DUP	100.0	0.0	0.0	2
DUP_37_19887471_19899804_60_22_51_88_54_109	37	19887471	19899804	DUP	100.0	0.0	0.0	2
DUP_37_22471103_22472172_99_122_101_110_24_150	37	22471103	22472172	DUP	100.0	0.0	0.0	2
DUP_37_22747932_22749270_102_1_66_77_78_166	37	22747932	22749270	DUP	100.0	0.0	0.0	2
DUP_37_27337345_27339293_177_192_6_127_209_187	37	27337345	27339293	DUP	100.0	0.0	0.0	2
DUP_37_2735375_2736924_153_54_40_61_140_183	37	2735375	2736924	DUP	100.0	0.0	0.0	2
DUP_37_27492_64263_145_105_189_113_56_178	37	27492	64263	DUP	100.0	0.0	0.0	2
DUP_37_30108739_30109419_140_177_36_95_62_40	37	30108739	30109419	DUP	100.0	0.0	0.0	2
DUP_37_4184275_4185314_127_152_140_182_157_52	37	4184275	4185314	DUP	100.0	0.0	0.0	2
DUP_37_8355553_8360401_184_130_148_79_122_84	37	8355553	8360401	DUP	100.0	0.0	0.0	2
DUP_38_13177756_13181179_40_19_135_76_72_211	38	13177756	13181179	DUP	100.0	0.0	0.0	2
DUP_38_18354776_18356899_63_164_26_77_35_31	38	18354776	18356899	DUP	100.0	0.0	0.0	2
DUP_38_22507182_22508582_28_121_76_206_103_0	38	22507182	22508582	DUP	100.0	0.0	0.0	2
DUP_38_2874715_2876716_76_68_189_129_194_173	38	2874715	2876716	DUP	100.0	0.0	0.0	2
DUP_38_4409928_4411456_187_40_180_90_165_106	38	4409928	4411456	DUP	100.0	0.0	0.0	2
DUP_38_4680900_4681557_16_135_81_73_94_28	38	4680900	4681557	DUP	100.0	0.0	0.0	2
DUP_38_5457497_5457912_73_181_55_204_63_18	38	5457497	5457912	DUP	100.0	0.0	0.0	2
DUP_38_7970760_7976242_47_41_38_153_151_192	38	7970760	7976242	DUP	100.0	0.0	0.0	2
DUP_38_9648039_9649142_146_53_145_44_159_29	38	9648039	9649142	DUP	100.0	0.0	0.0	2
DUP_3_12059720_12068602_121_101_66_55_120_161	3	12059720	12068602	DUP	100.0	0.0	0.0	2
DUP_3_17279945_17280974_99_35_175_45_202_91	3	17279945	17280974	DUP	100.0	0.0	0.0	2
DUP_3_26364520_26367188_59_207_28_16_175_102	3	26364520	26367188	DUP	100.0	0.0	0.0	2
DUP_3_32601867_32612281_177_31_129_203_103_27	3	32601867	32612281	DUP	100.0	0.0	0.0	2
DUP_3_35196767_35196940_6_38_52_99_70_149	3	35196767	35196940	DUP	100.0	0.0	0.0	2
DUP_3_3583003_3583224_118_121_103_92_140_131	3	3583003	3583224	DUP	100.0	0.0	0.0	2
DUP_3_36258203_36263113_15_77_137_7_59_67	3	36258203	36263113	DUP	100.0	0.0	0.0	2
DUP_3_36317146_36318750_52_4_76_1_129_200	3	36317146	36318750	DUP	100.0	0.0	0.0	2
DUP_3_58566480_58574078_98_52_90_210_122_54	3	58566480	58574078	DUP	100.0	0.0	0.0	2
DUP_3_59851782_59856251_91_76_158_163_125_168	3	59851782	59856251	DUP	100.0	0.0	0.0	2
DUP_3_63147639_63148889_181_4_198_102_54_61	3	63147639	63148889	DUP	100.0	0.0	0.0	2
DUP_3_65592779_65595497_92_86_3_134_139_79	3	65592779	65595497	DUP	100.0	0.0	0.0	2
DUP_3_69017447_69018900_135_97_149_108_60_184	3	69017447	69018900	DUP	100.0	0.0	0.0	2
DUP_3_70156466_70165220_183_165_114_44_57_49	3	70156466	70165220	DUP	100.0	0.0	0.0	2
DUP_3_76928978_76930681_139_56_141_165_203_194	3	76928978	76930681	DUP	100.0	0.0	0.0	2
DUP_3_87097168_87097552_11_48_89_62_211_66	3	87097168	87097552	DUP	100.0	0.0	0.0	2
DUP_3_89589916_89590459_140_127_85_28_194_126	3	89589916	89590459	DUP	100.0	0.0	0.0	2
DUP_3_9226153_9227758_145_118_91_138_193_106	3	9226153	9227758	DUP	100.0	0.0	0.0	2
DUP_4_1580303_1583807_133_25_23_112_44_148	4	1580303	1583807	DUP	100.0	0.0	0.0	2
DUP_4_22344065_22348884_58_156_69_100_121_177	4	22344065	22348884	DUP	100.0	0.0	0.0	2
DUP_4_26908272_26911381_139_186_129_84_157_85	4	26908272	26911381	DUP	100.0	0.0	0.0	2
DUP_4_31121943_31122369_198_177_124_210_158_57	4	31121943	31122369	DUP	100.0	0.0	0.0	2
DUP_4_33283799_33284035_49_152_88_127_3_82	4	33283799	33284035	DUP	100.0	0.0	0.0	2
DUP_4_34251881_34253437_158_47_148_140_81_108	4	34251881	34253437	DUP	100.0	0.0	0.0	2
DUP_4_38637838_38639046_14_173_64_89_112_118	4	38637838	38639046	DUP	100.0	0.0	0.0	2
DUP_4_46358738_46358975_30_146_54_132_118_128	4	46358738	46358975	DUP	100.0	0.0	0.0	2
DUP_4_47048945_47051919_95_92_196_202_170_110	4	47048945	47051919	DUP	100.0	0.0	0.0	2
DUP_4_53442017_53442171_68_14_28_57_27_175	4	53442017	53442171	DUP	100.0	0.0	0.0	2
DUP_4_5457951_5458719_58_63_191_98_152_6	4	5457951	5458719	DUP	100.0	0.0	0.0	2
DUP_4_56744009_56744392_9_148_26_93_46_52	4	56744009	56744392	DUP	100.0	0.0	0.0	2
DUP_4_57899196_57899544_193_199_44_205_169_183	4	57899196	57899544	DUP	100.0	0.0	0.0	2
DUP_4_58382795_58384479_50_202_61_187_9_123	4	58382795	58384479	DUP	100.0	0.0	0.0	2
DUP_4_67630279_67631636_118_57_133_82_41_195	4	67630279	67631636	DUP	100.0	0.0	0.0	2
DUP_4_70433561_70435429_154_66_98_200_170_31	4	70433561	70435429	DUP	100.0	0.0	0.0	2
DUP_4_776579_777328_57_48_136_173_41_95	4	776579	777328	DUP	100.0	0.0	0.0	2
DUP_4_82080003_82097386_82_15_23_94_119_87	4	82080003	82097386	DUP	100.0	0.0	0.0	2
DUP_4_84617329_84619885_137_89_3_182_161_48	4	84617329	84619885	DUP	100.0	0.0	0.0	2
DUP_4_86686930_86687505_68_134_1_118_106_102	4	86686930	86687505	DUP	100.0	0.0	0.0	2
DUP_5_12850601_12859875_65_94_26_64_9_97	5	12850601	12859875	DUP	100.0	0.0	0.0	2
DUP_5_13040703_13040873_184_60_193_78_142_158	5	13040703	13040873	DUP	100.0	0.0	0.0	2
DUP_5_17602144_17604390_61_130_73_155_94_41	5	17602144	17604390	DUP	100.0	0.0	0.0	2
DUP_5_20552454_20552617_210_159_142_80_165_117	5	20552454	20552617	DUP	100.0	0.0	0.0	2
DUP_5_40358947_40359464_202_14_63_73_1_190	5	40358947	40359464	DUP	100.0	0.0	0.0	2
DUP_5_43547826_43550796_195_91_16_93_137_106	5	43547826	43550796	DUP	100.0	0.0	0.0	2
DUP_5_44002192_44003453_48_192_62_189_139_129	5	44002192	44003453	DUP	100.0	0.0	0.0	2
DUP_5_52249142_52250039_150_132_152_125_23_18	5	52249142	52250039	DUP	100.0	0.0	0.0	2
DUP_6_1204914_1205667_140_148_53_206_153_23	6	1204914	1205667	DUP	100.0	0.0	0.0	2
DUP_6_16461256_16462071_103_92_55_177_68_183	6	16461256	16462071	DUP	100.0	0.0	0.0	2
DUP_6_34088988_34090884_103_163_79_63_20_100	6	34088988	34090884	DUP	100.0	0.0	0.0	2
DUP_6_37808018_37809082_119_73_156_74_60_91	6	37808018	37809082	DUP	100.0	0.0	0.0	2
DUP_6_50647780_50648990_126_115_201_65_35_19	6	50647780	50648990	DUP	100.0	0.0	0.0	2
DUP_6_51194760_51197263_170_83_100_143_68_34	6	51194760	51197263	DUP	100.0	0.0	0.0	2
DUP_6_61978843_61980534_111_83_0_121_112_209	6	61978843	61980534	DUP	100.0	0.0	0.0	2
DUP_6_64446110_64446287_144_79_9_19_114_37	6	64446110	64446287	DUP	100.0	0.0	0.0	2
DUP_6_67563057_67573781_61_84_103_198_54_53	6	67563057	67573781	DUP	100.0	0.0	0.0	2
DUP_6_67858793_67860043_56_51_16_76_95_166	6	67858793	67860043	DUP	100.0	0.0	0.0	2
DUP_7_14914207_14924435_169_133_86_8_60_149	7	14914207	14924435	DUP	100.0	0.0	0.0	2
DUP_7_15075753_15077131_176_200_205_180_132_103	7	15075753	15077131	DUP	100.0	0.0	0.0	2
DUP_7_19313199_19313447_184_143_141_38_178_138	7	19313199	19313447	DUP	100.0	0.0	0.0	2
DUP_7_25755790_25756751_84_137_41_74_5_70	7	25755790	25756751	DUP	100.0	0.0	0.0	2
DUP_7_26614981_26615298_12_120_8_132_24_79	7	26614981	26615298	DUP	100.0	0.0	0.0	2
DUP_7_27771658_27771981_47_180_102_136_141_44	7	27771658	27771981	DUP	100.0	0.0	0.0	2
DUP_7_27775636_27777169_167_56_173_1_104_140	7	27775636	27777169	DUP	100.0	0.0	0.0	2
DUP_7_28216277_28217140_108_198_141_207_49_147	7	28216277	28217140	DUP	100.0	0.0	0.0	2
DUP_7_30812008_30813452_188_44_104_36_129_187	7	30812008	30813452	DUP	100.0	0.0	0.0	2
DUP_7_33254739_33255662_157_34_156_90_180_74	7	33254739	33255662	DUP	100.0	0.0	0.0	2
DUP_7_3941590_3942770_78_135_89_182_13_88	7	3941590	3942770	DUP	100.0	0.0	0.0	2
DUP_7_40642624_40642844_11_176_6_116_143_101	7	40642624	40642844	DUP	100.0	0.0	0.0	2
DUP_7_4072496_4073439_90_5_183_28_96_154	7	4072496	4073439	DUP	100.0	0.0	0.0	2
DUP_7_49193516_49194792_96_21_67_129_138_95	7	49193516	49194792	DUP	100.0	0.0	0.0	2
DUP_7_63791657_63795131_33_15_201_35_97_184	7	63791657	63795131	DUP	100.0	0.0	0.0	2
DUP_7_6518659_6530628_53_151_26_210_118_146	7	6518659	6530628	DUP	100.0	0.0	0.0	2
DUP_7_71428739_71430738_176_146_161_164_136_137	7	71428739	71430738	DUP	100.0	0.0	0.0	2
DUP_7_73275050_73276065_64_144_110_130_116_84	7	73275050	73276065	DUP	100.0	0.0	0.0	2
DUP_7_77323246_77323443_157_194_126_116_71_125	7	77323246	77323443	DUP	100.0	0.0	0.0	2
DUP_7_79116512_79117985_130_202_176_134_95_19	7	79116512	79117985	DUP	100.0	0.0	0.0	2
DUP_7_79363358_79378938_64_178_0_200_38_133	7	79363358	79378938	DUP	100.0	0.0	0.0	2
DUP_8_10703574_10705219_108_19_88_102_181_77	8	10703574	10705219	DUP	100.0	0.0	0.0	2
DUP_8_12807165_12809303_146_24_194_50_75_170	8	12807165	12809303	DUP	100.0	0.0	0.0	2
DUP_8_16557030_16557937_91_80_121_132_48_192	8	16557030	16557937	DUP	100.0	0.0	0.0	2
DUP_8_23634650_23636177_84_152_104_42_208_54	8	23634650	23636177	DUP	100.0	0.0	0.0	2
DUP_8_24594550_24595495_50_88_143_63_203_81	8	24594550	24595495	DUP	100.0	0.0	0.0	2
DUP_8_30610947_30611196_173_176_93_111_97_145	8	30610947	30611196	DUP	100.0	0.0	0.0	2
DUP_8_31479038_31480769_120_76_102_157_162_164	8	31479038	31480769	DUP	100.0	0.0	0.0	2
DUP_8_41350836_41352300_24_139_82_177_204_195	8	41350836	41352300	DUP	100.0	0.0	0.0	2
DUP_8_49161601_49162812_194_152_54_140_155_39	8	49161601	49162812	DUP	100.0	0.0	0.0	2
DUP_8_61105101_61105514_165_90_33_153_202_205	8	61105101	61105514	DUP	100.0	0.0	0.0	2
DUP_9_13900381_13901908_192_143_52_92_91_81	9	13900381	13901908	DUP	100.0	0.0	0.0	2
DUP_9_43875153_43877519_126_100_198_24_6_109	9	43875153	43877519	DUP	100.0	0.0	0.0	2
DUP_9_50441329_50442060_166_14_41_143_136_156	9	50441329	50442060	DUP	100.0	0.0	0.0	2
DUP_9_58895808_58896585_101_4_183_109_97_60	9	58895808	58896585	DUP	100.0	0.0	0.0	2
DUP_9_7072676_7073171_183_129_57_210_176_128	9	7072676	7073171	DUP	100.0	0.0	0.0	2
DUP_10_14987854_14988716_176_114_4_27_179_146	10	14987854	14988716	DUP	50.0	50.0	0.0	2
DUP_10_20529712_20530544_118_154_61_7_60_18	10	20529712	20530544	DUP	50.0	50.0	0.0	2
DUP_10_36983166_36985775_126_47_40_28_112_102	10	36983166	36985775	DUP	50.0	50.0	0.0	2
DUP_10_45342667_45345058_121_22_80_108_82_154	10	45342667	45345058	DUP	50.0	50.0	0.0	2
DUP_10_52758228_52758808_170_109_156_198_143_36	10	52758228	52758808	DUP	50.0	50.0	0.0	2
DUP_10_61897293_61897586_198_189_195_175_142_37	10	61897293	61897586	DUP	50.0	50.0	0.0	2
DUP_11_11935850_11937345_140_11_166_33_94_137	11	11935850	11937345	DUP	50.0	50.0	0.0	2
DUP_11_15210729_15210917_13_151_170_150_123_38	11	15210729	15210917	DUP	50.0	50.0	0.0	2
DUP_11_19438789_19440058_114_28_156_80_161_4	11	19438789	19440058	DUP	50.0	50.0	0.0	2
DUP_11_27270135_27271766_5_30_211_54_98_72	11	27270135	27271766	DUP	50.0	50.0	0.0	2
DUP_11_59510962_59513856_127_163_192_130_34_46	11	59510962	59513856	DUP	50.0	50.0	0.0	2
DUP_12_19909560_19911934_37_99_74_137_66_105	12	19909560	19911934	DUP	50.0	50.0	0.0	2
DUP_12_30402778_30403752_42_16_71_31_111_46	12	30402778	30403752	DUP	50.0	50.0	0.0	2
DUP_12_41552918_41553739_68_105_143_123_119_191	12	41552918	41553739	DUP	50.0	50.0	0.0	2
DUP_12_43985878_43986200_111_52_56_138_122_19	12	43985878	43986200	DUP	50.0	50.0	0.0	2
DUP_12_52072460_52074178_74_110_67_113_187_198	12	52072460	52074178	DUP	50.0	50.0	0.0	2
DUP_12_67426773_67429580_66_169_96_138_90_120	12	67426773	67429580	DUP	50.0	50.0	0.0	2
DUP_12_71336229_71337574_171_95_88_163_207_49	12	71336229	71337574	DUP	50.0	50.0	0.0	2
DUP_13_30077223_30077817_166_165_75_107_12_97	13	30077223	30077817	DUP	50.0	50.0	0.0	2
DUP_13_56541925_56543083_188_11_84_23_15_132	13	56541925	56543083	DUP	50.0	50.0	0.0	2
DUP_14_3528268_3528779_187_38_183_141_191_14	14	3528268	3528779	DUP	50.0	50.0	0.0	2
DUP_15_32930909_32932109_134_137_190_167_112_6	15	32930909	32932109	DUP	50.0	50.0	0.0	2
DUP_15_53440704_53441077_164_149_177_211_198_47	15	53440704	53441077	DUP	50.0	50.0	0.0	2
DUP_15_60153335_60155881_34_189_45_197_208_171	15	60153335	60155881	DUP	50.0	50.0	0.0	2
DUP_16_16537607_16539121_88_1_179_176_0_98	16	16537607	16539121	DUP	50.0	50.0	0.0	2
DUP_16_25118635_25119376_173_110_152_21_130_69	16	25118635	25119376	DUP	50.0	50.0	0.0	2
DUP_16_35497461_35558893_188_101_113_207_50_131	16	35497461	35558893	DUP	50.0	50.0	0.0	2
DUP_16_45484247_45486200_154_20_63_4_69_132	16	45484247	45486200	DUP	50.0	50.0	0.0	2
DUP_16_52261539_52261849_202_161_111_11_69_21	16	52261539	52261849	DUP	50.0	50.0	0.0	2
DUP_16_55369518_55370036_197_178_91_185_34_129	16	55369518	55370036	DUP	50.0	50.0	0.0	2
DUP_16_56566902_56567303_148_191_29_103_41_25	16	56566902	56567303	DUP	50.0	50.0	0.0	2
DUP_16_56567192_56568405_97_157_189_73_161_139	16	56567192	56568405	DUP	50.0	50.0	0.0	2
DUP_17_14872732_14873117_119_193_136_64_141_65	17	14872732	14873117	DUP	50.0	50.0	0.0	2
DUP_17_27611790_27639659_79_168_149_129_42_91	17	27611790	27639659	DUP	50.0	50.0	0.0	2
DUP_17_34829551_34830668_41_172_81_33_151_136	17	34829551	34830668	DUP	50.0	50.0	0.0	2
DUP_17_42481080_42481295_180_124_108_196_146_103	17	42481080	42481295	DUP	50.0	50.0	0.0	2
DUP_17_42543558_42606704_170_58_159_30_98_36	17	42543558	42606704	DUP	50.0	50.0	0.0	2
DUP_18_22949987_22950333_121_70_91_18_60_55	18	22949987	22950333	DUP	50.0	50.0	0.0	2
DUP_18_4970200_4971584_167_203_194_124_74_20	18	4970200	4971584	DUP	50.0	50.0	0.0	2
DUP_18_50518294_50519853_76_29_71_69_124_77	18	50518294	50519853	DUP	50.0	50.0	0.0	2
DUP_18_55671583_55728049_69_80_0_79_128_3	18	55671583	55728049	DUP	50.0	50.0	0.0	2
DUP_19_32077547_32078296_210_91_7_20_138_178	19	32077547	32078296	DUP	50.0	50.0	0.0	2
DUP_19_41110788_41111149_70_157_135_120_1_181	19	41110788	41111149	DUP	50.0	50.0	0.0	2
DUP_19_47303412_47304386_81_46_122_139_62_145	19	47303412	47304386	DUP	50.0	50.0	0.0	2
DUP_19_47640121_47640547_182_136_16_144_98_183	19	47640121	47640547	DUP	50.0	50.0	0.0	2
DUP_19_49897924_49899820_158_70_184_156_202_76	19	49897924	49899820	DUP	50.0	50.0	0.0	2
DUP_1_110237186_110238434_66_170_88_79_1_145	1	110237186	110238434	DUP	50.0	50.0	0.0	2
DUP_1_111427860_111428427_31_103_4_190_87_143	1	111427860	111428427	DUP	50.0	50.0	0.0	2
DUP_1_114084549_114085470_14_41_106_8_45_168	1	114084549	114085470	DUP	50.0	50.0	0.0	2
DUP_1_33511545_33511703_168_192_79_0_148_208	1	33511545	33511703	DUP	50.0	50.0	0.0	2
DUP_1_38742509_38743903_180_115_73_81_53_120	1	38742509	38743903	DUP	50.0	50.0	0.0	2
DUP_1_42897268_42897482_9_151_198_44_48_98	1	42897268	42897482	DUP	50.0	50.0	0.0	2
DUP_1_57037926_57040096_6_164_150_17_197_208	1	57037926	57040096	DUP	50.0	50.0	0.0	2
DUP_20_17445192_17446366_209_76_42_23_93_177	20	17445192	17446366	DUP	50.0	50.0	0.0	2
DUP_20_27203876_42903436_148_192_150_94_122_145	20	27203876	42903436	DUP	50.0	50.0	0.0	2
DUP_20_33013427_33014267_46_102_3_45_202_10	20	33013427	33014267	DUP	50.0	50.0	0.0	2
DUP_21_17696758_17697878_157_110_90_85_23_177	21	17696758	17697878	DUP	50.0	50.0	0.0	2
DUP_21_18979228_18981353_66_204_173_80_10_125	21	18979228	18981353	DUP	50.0	50.0	0.0	2
DUP_21_35727485_35729043_77_103_14_105_114_5	21	35727485	35729043	DUP	50.0	50.0	0.0	2
DUP_21_42186318_42187704_8_26_45_55_112_178	21	42186318	42187704	DUP	50.0	50.0	0.0	2
DUP_21_49897486_49899511_102_144_106_96_176_168	21	49897486	49899511	DUP	50.0	50.0	0.0	2
DUP_21_5883149_5883976_210_36_143_24_26_76	21	5883149	5883976	DUP	50.0	50.0	0.0	2
DUP_22_24801978_24802132_12_135_14_72_201_49	22	24801978	24802132	DUP	50.0	50.0	0.0	2
DUP_22_46621448_46622575_118_115_204_105_99_106	22	46621448	46622575	DUP	50.0	50.0	0.0	2
DUP_22_51822862_51830112_37_178_126_51_32_124	22	51822862	51830112	DUP	50.0	50.0	0.0	2
DUP_22_55812238_55814385_122_77_27_45_15_25	22	55812238	55814385	DUP	50.0	50.0	0.0	2
DUP_23_7362821_7363408_61_85_51_176_32_135	23	7362821	7363408	DUP	50.0	50.0	0.0	2
DUP_24_15325113_15326772_31_174_102_113_210_186	24	15325113	15326772	DUP	50.0	50.0	0.0	2
DUP_24_18251513_18252467_112_1_80_64_198_165	24	18251513	18252467	DUP	50.0	50.0	0.0	2
DUP_24_27502509_27502694_108_172_79_73_106_166	24	27502509	27502694	DUP	50.0	50.0	0.0	2
DUP_24_28794432_28794587_77_102_106_81_137_89	24	28794432	28794587	DUP	50.0	50.0	0.0	2
DUP_24_39234555_39237141_130_201_19_104_189_139	24	39234555	39237141	DUP	50.0	50.0	0.0	2
DUP_24_42604916_42606396_63_211_18_161_137_154	24	42604916	42606396	DUP	50.0	50.0	0.0	2
DUP_24_9703493_9705014_80_22_209_202_123_175	24	9703493	9705014	DUP	50.0	50.0	0.0	2
DUP_25_27746166_27748224_103_81_133_186_109_85	25	27746166	27748224	DUP	50.0	50.0	0.0	2
DUP_26_24663930_24666894_81_11_203_172_53_13	26	24663930	24666894	DUP	50.0	50.0	0.0	2
DUP_26_26975390_27018099_137_20_95_209_46_39	26	26975390	27018099	DUP	50.0	50.0	0.0	2
DUP_26_28182667_28184278_139_175_153_34_106_201	26	28182667	28184278	DUP	50.0	50.0	0.0	2
DUP_26_8415392_8418371_175_144_188_65_0_110	26	8415392	8418371	DUP	50.0	50.0	0.0	2
DUP_27_20098417_20101240_40_53_204_20_94_119	27	20098417	20101240	DUP	50.0	50.0	0.0	2
DUP_27_37011529_37012272_95_157_145_107_127_49	27	37011529	37012272	DUP	50.0	50.0	0.0	2
DUP_27_42127679_42129587_96_18_77_122_195_209	27	42127679	42129587	DUP	50.0	50.0	0.0	2
DUP_27_6513613_6538852_26_165_103_31_3_203	27	6513613	6538852	DUP	50.0	50.0	0.0	2
DUP_28_12513606_12515208_159_179_147_191_97_31	28	12513606	12515208	DUP	50.0	50.0	0.0	2
DUP_28_3087004_3089369_165_183_84_190_144_29	28	3087004	3089369	DUP	50.0	50.0	0.0	2
DUP_28_32258155_32262800_148_68_45_96_135_19	28	32258155	32262800	DUP	50.0	50.0	0.0	2
DUP_28_6354498_6356479_21_128_8_193_9_0	28	6354498	6356479	DUP	50.0	50.0	0.0	2
DUP_29_11070213_11072532_124_100_159_45_104_157	29	11070213	11072532	DUP	50.0	50.0	0.0	2
DUP_29_28425496_28427332_4_204_47_131_24_12	29	28425496	28427332	DUP	50.0	50.0	0.0	2
DUP_29_3112560_3112771_43_191_89_67_171_102	29	3112560	3112771	DUP	50.0	50.0	0.0	2
DUP_29_39084297_39086083_121_126_94_64_168_190	29	39084297	39086083	DUP	50.0	50.0	0.0	2
DUP_29_7642733_33510794_127_79_86_100_41_55	29	7642733	33510794	DUP	50.0	50.0	0.0	2
DUP_29_7737737_7741104_11_169_209_34_149_54	29	7737737	7741104	DUP	50.0	50.0	0.0	2
DUP_2_25247450_25249035_172_102_23_190_140_108	2	25247450	25249035	DUP	50.0	50.0	0.0	2
DUP_2_33431226_33432494_204_144_32_83_152_105	2	33431226	33432494	DUP	50.0	50.0	0.0	2
DUP_2_38860675_38862016_171_81_206_94_66_190	2	38860675	38862016	DUP	50.0	50.0	0.0	2
DUP_2_40182368_40260689_61_148_145_18_48_66	2	40182368	40260689	DUP	50.0	50.0	0.0	2
DUP_2_51874968_51877105_16_40_88_205_51_163	2	51874968	51877105	DUP	50.0	50.0	0.0	2
DUP_2_53960103_53960260_42_115_91_63_211_33	2	53960103	53960260	DUP	50.0	50.0	0.0	2
DUP_2_61475438_61476950_16_15_12_88_51_155	2	61475438	61476950	DUP	50.0	50.0	0.0	2
DUP_2_7353893_7422025_110_30_204_32_25_190	2	7353893	7422025	DUP	50.0	50.0	0.0	2
DUP_30_13351849_13352647_193_44_63_28_18_167	30	13351849	13352647	DUP	50.0	50.0	0.0	2
DUP_30_15548657_15550565_60_113_140_149_85_208	30	15548657	15550565	DUP	50.0	50.0	0.0	2
DUP_30_24039881_24040604_188_68_85_64_79_94	30	24039881	24040604	DUP	50.0	50.0	0.0	2
DUP_31_14033761_14034972_102_103_201_193_50_180	31	14033761	14034972	DUP	50.0	50.0	0.0	2
DUP_31_389532_389704_8_116_123_81_45_75	31	389532	389704	DUP	50.0	50.0	0.0	2
DUP_32_15955708_15957184_15_42_138_139_151_126	32	15955708	15957184	DUP	50.0	50.0	0.0	2
DUP_32_2186759_2187706_133_77_124_88_38_46	32	2186759	2187706	DUP	50.0	50.0	0.0	2
DUP_32_35723187_35723770_110_209_14_195_76_33	32	35723187	35723770	DUP	50.0	50.0	0.0	2
DUP_33_16652474_16653993_170_95_149_186_128_209	33	16652474	16653993	DUP	50.0	50.0	0.0	2
DUP_33_18135197_18140613_47_166_48_154_74_43	33	18135197	18140613	DUP	50.0	50.0	0.0	2
DUP_34_12615538_12616630_130_106_15_29_92_80	34	12615538	12616630	DUP	50.0	50.0	0.0	2
DUP_34_15746687_15748000_121_15_61_161_178_203	34	15746687	15748000	DUP	50.0	50.0	0.0	2
DUP_34_41489335_41490342_126_111_92_145_56_164	34	41489335	41490342	DUP	50.0	50.0	0.0	2
DUP_34_663494_663778_155_81_100_166_114_13	34	663494	663778	DUP	50.0	50.0	0.0	2
DUP_35_11259583_11260551_189_17_157_193_162_43	35	11259583	11260551	DUP	50.0	50.0	0.0	2
DUP_35_12884893_12886683_156_160_82_145_132_157	35	12884893	12886683	DUP	50.0	50.0	0.0	2
DUP_35_13576739_13578350_149_100_70_13_49_111	35	13576739	13578350	DUP	50.0	50.0	0.0	2
DUP_35_14394820_14396920_16_111_183_101_55_53	35	14394820	14396920	DUP	50.0	50.0	0.0	2
DUP_35_25857198_25858918_150_120_84_62_102_60	35	25857198	25858918	DUP	50.0	50.0	0.0	2
DUP_36_20505864_20507598_32_90_151_153_206_165	36	20505864	20507598	DUP	50.0	50.0	0.0	2
DUP_36_27078193_27079259_77_89_86_206_64_122	36	27078193	27079259	DUP	50.0	50.0	0.0	2
DUP_37_18727138_18729078_31_38_204_36_181_117	37	18727138	18729078	DUP	50.0	50.0	0.0	2
DUP_37_3193874_3194104_154_18_163_15_97_160	37	3193874	3194104	DUP	50.0	50.0	0.0	2
DUP_38_3318097_3318308_143_210_196_123_180_157	38	3318097	3318308	DUP	50.0	50.0	0.0	2
DUP_38_3703250_3703464_140_55_114_9_67_10	38	3703250	3703464	DUP	50.0	50.0	0.0	2
DUP_38_6441079_6443442_200_55_20_143_52_211	38	6441079	6443442	DUP	50.0	50.0	0.0	2
DUP_38_8487600_8488820_80_56_110_143_63_11	38	8487600	8488820	DUP	50.0	50.0	0.0	2
DUP_3_59293208_59293856_70_29_46_170_197_97	3	59293208	59293856	DUP	50.0	50.0	0.0	2
DUP_3_82882576_82882727_30_60_195_37_138_92	3	82882576	82882727	DUP	50.0	50.0	0.0	2
DUP_3_88585774_88586767_207_191_35_186_118_132	3	88585774	88586767	DUP	50.0	50.0	0.0	2
DUP_4_16520409_16520895_110_32_142_183_120_205	4	16520409	16520895	DUP	50.0	50.0	0.0	2
DUP_4_47974590_47974982_162_37_157_189_153_140	4	47974590	47974982	DUP	50.0	50.0	0.0	2
DUP_4_48891565_48893542_29_130_20_184_90_137	4	48891565	48893542	DUP	50.0	50.0	0.0	2
DUP_4_65918805_65943193_73_82_166_152_105_148	4	65918805	65943193	DUP	50.0	50.0	0.0	2
DUP_4_67365651_67366165_97_158_107_103_194_144	4	67365651	67366165	DUP	50.0	50.0	0.0	2
DUP_5_28217506_28326712_131_19_204_211_201_186	5	28217506	28326712	DUP	50.0	50.0	0.0	2
DUP_6_23853329_23990462_98_85_62_73_45_113	6	23853329	23990462	DUP	50.0	50.0	0.0	2
DUP_6_26214794_26215454_43_206_131_146_118_181	6	26214794	26215454	DUP	50.0	50.0	0.0	2
DUP_6_37997725_37999438_3_142_126_179_88_68	6	37997725	37999438	DUP	50.0	50.0	0.0	2
DUP_6_48248139_48252992_185_20_61_44_169_133	6	48248139	48252992	DUP	50.0	50.0	0.0	2
DUP_6_48561241_48562282_198_103_185_148_97_123	6	48561241	48562282	DUP	50.0	50.0	0.0	2
DUP_7_5175094_5176440_49_211_169_191_127_77	7	5175094	5176440	DUP	50.0	50.0	0.0	2
DUP_7_52167366_52168250_21_14_80_92_87_23	7	52167366	52168250	DUP	50.0	50.0	0.0	2
DUP_7_66037000_66038319_207_11_64_106_139_180	7	66037000	66038319	DUP	50.0	50.0	0.0	2
DUP_8_12944433_12946158_176_128_173_161_82_60	8	12944433	12946158	DUP	50.0	50.0	0.0	2
DUP_8_32844260_32844773_192_59_135_173_159_111	8	32844260	32844773	DUP	50.0	50.0	0.0	2
DUP_8_35450496_35450684_195_144_51_127_163_200	8	35450496	35450684	DUP	50.0	50.0	0.0	2
DUP_8_35899551_35983784_108_91_45_167_139_165	8	35899551	35983784	DUP	50.0	50.0	0.0	2
DUP_8_40343836_40345025_121_70_18_156_75_146	8	40343836	40345025	DUP	50.0	50.0	0.0	2
DUP_8_46853494_46889915_84_149_66_29_96_195	8	46853494	46889915	DUP	50.0	50.0	0.0	2
DUP_8_60587604_60588934_200_49_159_126_108_23	8	60587604	60588934	DUP	50.0	50.0	0.0	2
DUP_8_68654461_68657089_201_29_46_172_48_159	8	68654461	68657089	DUP	50.0	50.0	0.0	2
DUP_9_21492719_21498483_210_138_16_180_35_127	9	21492719	21498483	DUP	50.0	50.0	0.0	2
DUP_9_28416734_28418386_193_4_78_34_103_39	9	28416734	28418386	DUP	50.0	50.0	0.0	2
DUP_9_38583199_38584417_84_171_154_140_127_89	9	38583199	38584417	DUP	50.0	50.0	0.0	2
DUP_9_46439098_46440201_169_68_51_104_24_116	9	46439098	46440201	DUP	50.0	50.0	0.0	2
DUP_9_57241175_57241377_165_43_195_95_158_127	9	57241175	57241377	DUP	50.0	50.0	0.0	2
DUP_9_8469600_8471111_57_135_129_60_53_67	9	8469600	8471111	DUP	50.0	50.0	0.0	2
DUP_10_14658224_14658378_141_183_116_110_187_181	10	14658224	14658378	DUP	100.0	0.0	0.0	1
DUP_10_15751496_22726808_197_209_101_177_134_29	10	15751496	22726808	DUP	100.0	0.0	0.0	1
DUP_10_28141702_28142288_91_164_43_191_66_95	10	28141702	28142288	DUP	100.0	0.0	0.0	1
DUP_10_32377310_32378892_38_153_6_3_10_32	10	32377310	32378892	DUP	100.0	0.0	0.0	1
DUP_10_34870630_34971987_132_152_42_70_97_48	10	34870630	34971987	DUP	100.0	0.0	0.0	1
DUP_10_53894189_54177919_24_90_147_138_25_15	10	53894189	54177919	DUP	100.0	0.0	0.0	1
DUP_10_57124827_57125094_96_187_111_8_158_128	10	57124827	57125094	DUP	100.0	0.0	0.0	1
DUP_10_66710123_66711206_20_72_92_50_160_127	10	66710123	66711206	DUP	100.0	0.0	0.0	1
DUP_11_21305967_21306530_148_112_144_166_42_189	11	21305967	21306530	DUP	100.0	0.0	0.0	1
DUP_11_31825628_38059395_65_104_63_45_40_41	11	31825628	38059395	DUP	100.0	0.0	0.0	1
DUP_11_32705856_32706061_182_140_87_115_136_156	11	32705856	32706061	DUP	100.0	0.0	0.0	1
DUP_11_42774926_42960986_25_82_116_200_207_78	11	42774926	42960986	DUP	100.0	0.0	0.0	1
DUP_11_44809316_44809517_163_126_153_34_137_182	11	44809316	44809517	DUP	100.0	0.0	0.0	1
DUP_11_48481922_48503049_75_140_193_80_76_173	11	48481922	48503049	DUP	100.0	0.0	0.0	1
DUP_11_48581327_48581503_177_12_156_126_189_158	11	48581327	48581503	DUP	100.0	0.0	0.0	1
DUP_11_55988956_55989111_178_42_209_52_177_20	11	55988956	55989111	DUP	100.0	0.0	0.0	1
DUP_11_57018658_57018860_82_167_170_103_210_51	11	57018658	57018860	DUP	100.0	0.0	0.0	1
DUP_11_60322426_60322554_46_121_122_156_14_6	11	60322426	60322554	DUP	100.0	0.0	0.0	1
DUP_11_60532826_60533097_20_32_184_138_173_55	11	60532826	60533097	DUP	100.0	0.0	0.0	1
DUP_11_6063903_6064124_148_165_110_167_158_172	11	6063903	6064124	DUP	100.0	0.0	0.0	1
DUP_11_61262406_61262614_14_177_151_91_138_20	11	61262406	61262614	DUP	100.0	0.0	0.0	1
DUP_11_62506011_62507222_58_210_95_169_199_49	11	62506011	62507222	DUP	100.0	0.0	0.0	1
DUP_11_63867415_63868648_192_149_189_93_198_79	11	63867415	63868648	DUP	100.0	0.0	0.0	1
DUP_11_73327164_73327350_92_3_95_75_64_204	11	73327164	73327350	DUP	100.0	0.0	0.0	1
DUP_12_10050105_48242805_87_52_64_106_96_186	12	10050105	48242805	DUP	100.0	0.0	0.0	1
DUP_12_17049876_17050709_85_172_155_133_54_45	12	17049876	17050709	DUP	100.0	0.0	0.0	1
DUP_12_17505780_17505972_154_124_134_92_188_3	12	17505780	17505972	DUP	100.0	0.0	0.0	1
DUP_12_21065836_21065986_35_34_171_189_53_55	12	21065836	21065986	DUP	100.0	0.0	0.0	1
DUP_12_22455209_22456054_104_25_42_181_130_174	12	22455209	22456054	DUP	100.0	0.0	0.0	1
DUP_12_25803106_25803334_179_146_134_18_198_53	12	25803106	25803334	DUP	100.0	0.0	0.0	1
DUP_12_33333628_33333875_98_175_169_150_121_174	12	33333628	33333875	DUP	100.0	0.0	0.0	1
DUP_12_36990368_36990632_21_207_137_148_138_19	12	36990368	36990632	DUP	100.0	0.0	0.0	1
DUP_12_41626363_41626528_95_7_117_116_181_3	12	41626363	41626528	DUP	100.0	0.0	0.0	1
DUP_12_52791256_52793389_85_75_48_13_154_114	12	52791256	52793389	DUP	100.0	0.0	0.0	1
DUP_12_57767296_57767473_17_8_46_191_12_58	12	57767296	57767473	DUP	100.0	0.0	0.0	1
DUP_12_65129945_65130221_24_143_87_64_142_129	12	65129945	65130221	DUP	100.0	0.0	0.0	1
DUP_12_69258197_69259004_109_207_129_33_180_3	12	69258197	69259004	DUP	100.0	0.0	0.0	1
DUP_12_71346784_71347082_185_166_140_194_47_75	12	71346784	71347082	DUP	100.0	0.0	0.0	1
DUP_13_10320874_10321256_62_31_114_108_23_174	13	10320874	10321256	DUP	100.0	0.0	0.0	1
DUP_13_13475644_13475821_5_9_117_103_149_109	13	13475644	13475821	DUP	100.0	0.0	0.0	1
DUP_13_20191997_20192282_193_145_30_54_31_112	13	20191997	20192282	DUP	0.0	100.0	0.0	1
DUP_13_33423499_33424549_36_162_103_98_107_44	13	33423499	33424549	DUP	100.0	0.0	0.0	1
DUP_13_41105898_41106251_118_2_211_96_92_112	13	41105898	41106251	DUP	100.0	0.0	0.0	1
DUP_13_50690265_50690431_41_104_25_172_15_148	13	50690265	50690431	DUP	100.0	0.0	0.0	1
DUP_13_5240328_5240477_75_132_144_26_53_98	13	5240328	5240477	DUP	100.0	0.0	0.0	1
DUP_13_52757645_52760932_154_157_20_120_13_83	13	52757645	52760932	DUP	100.0	0.0	0.0	1
DUP_13_5368148_5368523_207_190_79_62_184_141	13	5368148	5368523	DUP	100.0	0.0	0.0	1
DUP_13_59509788_59510652_152_82_160_203_119_159	13	59509788	59510652	DUP	100.0	0.0	0.0	1
DUP_13_62154525_62156069_194_112_63_177_161_99	13	62154525	62156069	DUP	100.0	0.0	0.0	1
DUP_14_14259991_14262664_16_113_123_204_198_139	14	14259991	14262664	DUP	100.0	0.0	0.0	1
DUP_14_18194387_18194809_51_24_104_19_167_45	14	18194387	18194809	DUP	100.0	0.0	0.0	1
DUP_14_18650803_18654089_85_63_208_122_84_196	14	18650803	18654089	DUP	100.0	0.0	0.0	1
DUP_14_2095396_2227338_187_38_123_54_166_6	14	2095396	2227338	DUP	100.0	0.0	0.0	1
DUP_14_23136995_23138440_146_44_80_141_42_96	14	23136995	23138440	DUP	100.0	0.0	0.0	1
DUP_14_2504215_2511611_167_0_116_83_82_145	14	2504215	2511611	DUP	100.0	0.0	0.0	1
DUP_14_25709964_25710524_97_52_175_95_198_49	14	25709964	25710524	DUP	100.0	0.0	0.0	1
DUP_14_31363759_31363936_103_57_166_29_147_49	14	31363759	31363936	DUP	100.0	0.0	0.0	1
DUP_14_33206456_33223556_37_161_124_174_114_3	14	33206456	33223556	DUP	100.0	0.0	0.0	1
DUP_14_33941726_33944783_16_20_105_176_22_169	14	33941726	33944783	DUP	100.0	0.0	0.0	1
DUP_14_48500933_48501124_39_93_146_141_184_6	14	48500933	48501124	DUP	100.0	0.0	0.0	1
DUP_14_49869526_49869818_146_20_65_30_97_124	14	49869526	49869818	DUP	100.0	0.0	0.0	1
DUP_14_52238121_52238316_93_107_152_171_209_45	14	52238121	52238316	DUP	100.0	0.0	0.0	1
DUP_14_54849436_54849749_10_52_159_95_192_0	14	54849436	54849749	DUP	100.0	0.0	0.0	1
DUP_15_14786165_14787714_55_162_70_176_150_17	15	14786165	14787714	DUP	100.0	0.0	0.0	1
DUP_15_17484944_17628320_109_24_14_176_90_54	15	17484944	17628320	DUP	0.0	100.0	0.0	1
DUP_15_25255884_25256250_119_59_136_42_211_122	15	25255884	25256250	DUP	100.0	0.0	0.0	1
DUP_15_26616006_26616192_164_167_106_77_193_96	15	26616006	26616192	DUP	100.0	0.0	0.0	1
DUP_15_31378419_31378573_191_194_25_130_96_2	15	31378419	31378573	DUP	100.0	0.0	0.0	1
DUP_15_39010169_39010809_168_44_86_139_189_89	15	39010169	39010809	DUP	100.0	0.0	0.0	1
DUP_15_40468421_40469267_174_57_131_113_82_89	15	40468421	40469267	DUP	100.0	0.0	0.0	1
DUP_15_41384515_41384681_53_180_101_137_109_87	15	41384515	41384681	DUP	100.0	0.0	0.0	1
DUP_15_42911084_42932717_183_89_82_175_128_50	15	42911084	42932717	DUP	100.0	0.0	0.0	1
DUP_15_48520478_48520703_127_200_174_15_136_96	15	48520478	48520703	DUP	0.0	100.0	0.0	1
DUP_15_49165057_49165398_166_90_13_49_138_184	15	49165057	49165398	DUP	100.0	0.0	0.0	1
DUP_15_49600478_49601307_150_67_82_60_184_178	15	49600478	49601307	DUP	100.0	0.0	0.0	1
DUP_15_55020317_55436354_168_169_173_78_131_178	15	55020317	55436354	DUP	100.0	0.0	0.0	1
DUP_15_57255107_57255318_23_171_146_159_155_25	15	57255107	57255318	DUP	100.0	0.0	0.0	1
DUP_15_60103863_60104019_209_0_172_113_154_107	15	60103863	60104019	DUP	100.0	0.0	0.0	1
DUP_15_61502120_61502305_121_145_199_34_206_190	15	61502120	61502305	DUP	100.0	0.0	0.0	1
DUP_15_63781875_63782501_158_10_118_176_209_197	15	63781875	63782501	DUP	100.0	0.0	0.0	1
DUP_15_8560431_8560621_58_145_42_68_79_194	15	8560431	8560621	DUP	100.0	0.0	0.0	1
DUP_15_8902260_8902576_14_156_106_74_115_209	15	8902260	8902576	DUP	100.0	0.0	0.0	1
DUP_16_26686488_26687167_78_121_26_27_112_189	16	26686488	26687167	DUP	100.0	0.0	0.0	1
DUP_16_31512583_31516146_130_83_159_16_27_35	16	31512583	31516146	DUP	100.0	0.0	0.0	1
DUP_16_36880786_36880946_87_39_98_15_55_68	16	36880786	36880946	DUP	100.0	0.0	0.0	1
DUP_16_37118469_37118819_132_185_24_34_15_95	16	37118469	37118819	DUP	100.0	0.0	0.0	1
DUP_16_42397891_42398661_162_163_52_94_206_95	16	42397891	42398661	DUP	100.0	0.0	0.0	1
DUP_16_43546764_43546932_86_142_118_2_21_190	16	43546764	43546932	DUP	100.0	0.0	0.0	1
DUP_16_44738194_44738605_42_32_45_43_131_48	16	44738194	44738605	DUP	100.0	0.0	0.0	1
DUP_16_47813911_47814535_63_196_19_76_211_81	16	47813911	47814535	DUP	100.0	0.0	0.0	1
DUP_16_48285439_48684804_88_191_113_55_101_9	16	48285439	48684804	DUP	100.0	0.0	0.0	1
DUP_16_51646468_51660160_151_143_82_72_135_121	16	51646468	51660160	DUP	0.0	100.0	0.0	1
DUP_16_55369437_55370028_99_159_122_164_25_210	16	55369437	55370028	DUP	100.0	0.0	0.0	1
DUP_16_7780319_7780482_117_59_55_162_68_17	16	7780319	7780482	DUP	100.0	0.0	0.0	1
DUP_17_13103712_13103973_198_54_28_58_72_169	17	13103712	13103973	DUP	100.0	0.0	0.0	1
DUP_17_13536913_13537188_113_197_146_140_91_81	17	13536913	13537188	DUP	100.0	0.0	0.0	1
DUP_17_18890304_18890592_6_51_133_79_204_147	17	18890304	18890592	DUP	100.0	0.0	0.0	1
DUP_17_2323960_2324625_155_77_198_60_117_15	17	2323960	2324625	DUP	100.0	0.0	0.0	1
DUP_17_3624841_3625267_110_209_69_100_207_119	17	3624841	3625267	DUP	100.0	0.0	0.0	1
DUP_17_38940395_38940551_197_200_31_97_139_79	17	38940395	38940551	DUP	100.0	0.0	0.0	1
DUP_17_39357806_39370959_9_165_171_52_41_19	17	39357806	39370959	DUP	100.0	0.0	0.0	1
DUP_17_47942284_47967329_177_63_105_128_58_114	17	47942284	47967329	DUP	100.0	0.0	0.0	1
DUP_17_52629355_52629545_99_75_147_159_107_3	17	52629355	52629545	DUP	100.0	0.0	0.0	1
DUP_17_54206371_54207395_120_182_156_86_176_192	17	54206371	54207395	DUP	100.0	0.0	0.0	1
DUP_17_5885695_5886061_7_101_26_128_201_200	17	5885695	5886061	DUP	100.0	0.0	0.0	1
DUP_17_61363865_61376392_12_54_156_106_175_81	17	61363865	61376392	DUP	100.0	0.0	0.0	1
DUP_17_9640530_9640704_147_14_54_28_175_166	17	9640530	9640704	DUP	100.0	0.0	0.0	1
DUP_18_12306862_12307039_51_114_16_52_87_167	18	12306862	12307039	DUP	100.0	0.0	0.0	1
DUP_18_1930260_1930484_95_164_94_161_150_207	18	1930260	1930484	DUP	100.0	0.0	0.0	1
DUP_18_26460190_26460376_138_193_203_61_13_122	18	26460190	26460376	DUP	0.0	100.0	0.0	1
DUP_18_36137368_36218896_127_81_211_24_73_90	18	36137368	36218896	DUP	100.0	0.0	0.0	1
DUP_18_36559294_36560268_43_118_163_107_127_11	18	36559294	36560268	DUP	100.0	0.0	0.0	1
DUP_18_40014100_40014254_185_57_109_108_101_117	18	40014100	40014254	DUP	100.0	0.0	0.0	1
DUP_18_42577595_42578028_88_72_186_80_68_89	18	42577595	42578028	DUP	100.0	0.0	0.0	1
DUP_18_44179142_44181650_17_15_56_161_72_13	18	44179142	44181650	DUP	100.0	0.0	0.0	1
DUP_18_54103952_54104530_127_174_57_149_126_203	18	54103952	54104530	DUP	0.0	100.0	0.0	1
DUP_18_8599129_8599319_173_32_156_197_125_64	18	8599129	8599319	DUP	100.0	0.0	0.0	1
DUP_18_9789024_9789173_95_45_29_176_173_198	18	9789024	9789173	DUP	100.0	0.0	0.0	1
DUP_19_16848857_16849256_140_15_101_84_81_14	19	16848857	16849256	DUP	100.0	0.0	0.0	1
DUP_19_17268640_17268812_160_95_102_39_66_99	19	17268640	17268812	DUP	100.0	0.0	0.0	1
DUP_19_18275254_18275523_120_138_171_118_50_83	19	18275254	18275523	DUP	100.0	0.0	0.0	1
DUP_19_18460447_18460604_95_63_199_77_208_118	19	18460447	18460604	DUP	100.0	0.0	0.0	1
DUP_19_24961098_24961524_112_203_109_66_39_147	19	24961098	24961524	DUP	100.0	0.0	0.0	1
DUP_19_25206851_25207415_120_178_99_147_47_200	19	25206851	25207415	DUP	100.0	0.0	0.0	1
DUP_19_25374558_25468679_56_12_64_166_93_161	19	25374558	25468679	DUP	100.0	0.0	0.0	1
DUP_19_28440061_28440769_62_68_137_59_149_89	19	28440061	28440769	DUP	100.0	0.0	0.0	1
DUP_19_33173166_33173508_19_57_66_186_84_25	19	33173166	33173508	DUP	100.0	0.0	0.0	1
DUP_19_35759545_35759882_18_132_11_19_205_92	19	35759545	35759882	DUP	100.0	0.0	0.0	1
DUP_19_37897162_37898022_2_150_32_15_23_115	19	37897162	37898022	DUP	100.0	0.0	0.0	1
DUP_19_39699213_39701958_113_186_47_50_103_163	19	39699213	39701958	DUP	100.0	0.0	0.0	1
DUP_19_40608350_40609366_158_120_137_178_20_129	19	40608350	40609366	DUP	100.0	0.0	0.0	1
DUP_19_42833504_42834486_107_199_25_192_129_116	19	42833504	42834486	DUP	100.0	0.0	0.0	1
DUP_19_8165050_8165230_25_140_89_113_103_107	19	8165050	8165230	DUP	100.0	0.0	0.0	1
DUP_1_103956371_104028394_127_19_57_121_70_176	1	103956371	104028394	DUP	100.0	0.0	0.0	1
DUP_1_104927311_104934377_158_192_106_209_80_151	1	104927311	104934377	DUP	100.0	0.0	0.0	1
DUP_1_105022572_105023026_58_63_85_150_16_79	1	105022572	105023026	DUP	100.0	0.0	0.0	1
DUP_1_10668134_10762203_86_200_155_188_98_154	1	10668134	10762203	DUP	100.0	0.0	0.0	1
DUP_1_107501250_107501968_76_208_132_88_58_203	1	107501250	107501968	DUP	100.0	0.0	0.0	1
DUP_1_109444002_109447421_109_77_104_28_29_205	1	109444002	109447421	DUP	100.0	0.0	0.0	1
DUP_1_111327274_111334100_102_188_106_59_211_33	1	111327274	111334100	DUP	100.0	0.0	0.0	1
DUP_1_114184207_114185583_69_98_96_90_184_14	1	114184207	114185583	DUP	100.0	0.0	0.0	1
DUP_1_120275587_120276013_144_151_78_201_55_118	1	120275587	120276013	DUP	100.0	0.0	0.0	1
DUP_1_15965130_15965289_115_102_138_37_171_38	1	15965130	15965289	DUP	100.0	0.0	0.0	1
DUP_1_22037113_22037292_106_139_150_207_5_180	1	22037113	22037292	DUP	100.0	0.0	0.0	1
DUP_1_37070267_37070512_157_196_154_130_28_139	1	37070267	37070512	DUP	100.0	0.0	0.0	1
DUP_1_40732220_40733343_0_208_117_149_93_32	1	40732220	40733343	DUP	0.0	100.0	0.0	1
DUP_1_456346_458987_73_156_54_174_181_17	1	456346	458987	DUP	100.0	0.0	0.0	1
DUP_1_47732173_47732340_193_109_187_39_33_13	1	47732173	47732340	DUP	100.0	0.0	0.0	1
DUP_1_49375849_49376126_124_185_184_136_55_133	1	49375849	49376126	DUP	100.0	0.0	0.0	1
DUP_1_5853363_17365864_100_95_26_17_114_197	1	5853363	17365864	DUP	100.0	0.0	0.0	1
DUP_1_63946364_63946689_196_18_151_113_39_197	1	63946364	63946689	DUP	100.0	0.0	0.0	1
DUP_1_64005126_64005624_162_45_7_109_137_203	1	64005126	64005624	DUP	100.0	0.0	0.0	1
DUP_1_67600477_67601561_8_55_160_33_130_10	1	67600477	67601561	DUP	100.0	0.0	0.0	1
DUP_1_67793550_67793752_184_164_65_57_13_49	1	67793550	67793752	DUP	100.0	0.0	0.0	1
DUP_1_70931616_70931786_115_26_134_176_95_138	1	70931616	70931786	DUP	100.0	0.0	0.0	1
DUP_1_72218783_72269069_104_48_175_91_21_112	1	72218783	72269069	DUP	100.0	0.0	0.0	1
DUP_1_78577672_78578836_89_90_159_28_139_170	1	78577672	78578836	DUP	100.0	0.0	0.0	1
DUP_1_80387088_80388295_113_41_154_68_28_203	1	80387088	80388295	DUP	100.0	0.0	0.0	1
DUP_1_85352839_85353069_75_97_112_157_156_82	1	85352839	85353069	DUP	100.0	0.0	0.0	1
DUP_1_87551191_87552897_31_84_22_15_118_172	1	87551191	87552897	DUP	100.0	0.0	0.0	1
DUP_1_9186503_9186737_36_127_192_185_67_93	1	9186503	9186737	DUP	100.0	0.0	0.0	1
DUP_1_94694693_94694849_186_53_155_117_10_150	1	94694693	94694849	DUP	100.0	0.0	0.0	1
DUP_20_12002923_12003383_180_125_198_172_74_106	20	12002923	12003383	DUP	100.0	0.0	0.0	1
DUP_20_14053787_36956472_196_182_118_169_71_39	20	14053787	36956472	DUP	100.0	0.0	0.0	1
DUP_20_14145279_14145482_184_6_38_172_124_35	20	14145279	14145482	DUP	100.0	0.0	0.0	1
DUP_20_20268084_20269929_112_50_101_103_82_133	20	20268084	20269929	DUP	100.0	0.0	0.0	1
DUP_20_23790839_23791031_40_111_177_75_70_131	20	23790839	23791031	DUP	100.0	0.0	0.0	1
DUP_20_25001357_25001608_129_188_127_130_141_13	20	25001357	25001608	DUP	100.0	0.0	0.0	1
DUP_20_30912201_30912356_135_69_182_136_165_161	20	30912201	30912356	DUP	100.0	0.0	0.0	1
DUP_20_37121775_37122203_33_146_5_120_49_169	20	37121775	37122203	DUP	100.0	0.0	0.0	1
DUP_20_46423070_46423688_111_29_56_89_114_21	20	46423070	46423688	DUP	100.0	0.0	0.0	1
DUP_20_46611734_46647059_210_9_50_73_67_89	20	46611734	46647059	DUP	100.0	0.0	0.0	1
DUP_20_51182790_51182925_99_66_195_103_34_43	20	51182790	51182925	DUP	100.0	0.0	0.0	1
DUP_20_52457942_52458195_109_184_145_157_54_49	20	52457942	52458195	DUP	0.0	100.0	0.0	1
DUP_20_6055245_6055394_26_150_45_202_171_54	20	6055245	6055394	DUP	100.0	0.0	0.0	1
DUP_21_10293784_10293990_131_127_176_178_19_102	21	10293784	10293990	DUP	100.0	0.0	0.0	1
DUP_21_12367349_12368409_88_99_140_34_92_53	21	12367349	12368409	DUP	100.0	0.0	0.0	1
DUP_21_12946913_23051299_148_27_79_201_193_94	21	12946913	23051299	DUP	100.0	0.0	0.0	1
DUP_21_1302468_1302949_150_180_109_211_165_144	21	1302468	1302949	DUP	100.0	0.0	0.0	1
DUP_21_17104636_17104878_91_211_99_44_114_141	21	17104636	17104878	DUP	100.0	0.0	0.0	1
DUP_21_18223636_18223840_20_109_123_55_48_63	21	18223636	18223840	DUP	100.0	0.0	0.0	1
DUP_21_19173102_19173272_133_198_211_21_101_178	21	19173102	19173272	DUP	100.0	0.0	0.0	1
DUP_21_26909908_26918873_17_12_138_117_100_206	21	26909908	26918873	DUP	100.0	0.0	0.0	1
DUP_21_27017863_27033047_138_14_13_110_31_19	21	27017863	27033047	DUP	100.0	0.0	0.0	1
DUP_21_28620671_28620830_115_52_120_139_205_154	21	28620671	28620830	DUP	100.0	0.0	0.0	1
DUP_21_37358672_37360036_211_70_169_58_44_7	21	37358672	37360036	DUP	100.0	0.0	0.0	1
DUP_21_41010274_41010617_72_37_106_99_30_168	21	41010274	41010617	DUP	100.0	0.0	0.0	1
DUP_21_42046024_42047996_173_197_147_29_179_183	21	42046024	42047996	DUP	100.0	0.0	0.0	1
DUP_21_44350599_44350844_128_206_58_131_44_124	21	44350599	44350844	DUP	100.0	0.0	0.0	1
DUP_21_50701193_50701960_114_185_27_204_98_88	21	50701193	50701960	DUP	100.0	0.0	0.0	1
DUP_22_13664569_13664871_81_145_155_32_131_99	22	13664569	13664871	DUP	100.0	0.0	0.0	1
DUP_22_19069246_19069881_56_92_21_72_121_188	22	19069246	19069881	DUP	100.0	0.0	0.0	1
DUP_22_19452778_39909990_18_120_62_204_96_144	22	19452778	39909990	DUP	100.0	0.0	0.0	1
DUP_22_19464510_19466678_196_83_92_94_53_141	22	19464510	19466678	DUP	100.0	0.0	0.0	1
DUP_22_21425228_21425415_147_13_64_83_3_117	22	21425228	21425415	DUP	100.0	0.0	0.0	1
DUP_22_23947019_26606473_177_209_31_127_1_168	22	23947019	26606473	DUP	100.0	0.0	0.0	1
DUP_22_25060605_25061453_105_46_100_106_62_101	22	25060605	25061453	DUP	100.0	0.0	0.0	1
DUP_22_25092531_25092703_111_45_199_92_152_33	22	25092531	25092703	DUP	100.0	0.0	0.0	1
DUP_22_26210904_26211143_22_135_19_129_204_41	22	26210904	26211143	DUP	100.0	0.0	0.0	1
DUP_22_29764110_29765391_153_38_104_107_74_61	22	29764110	29765391	DUP	100.0	0.0	0.0	1
DUP_22_33260581_33260809_188_0_104_207_114_122	22	33260581	33260809	DUP	100.0	0.0	0.0	1
DUP_22_33260581_33260885_70_71_159_21_150_174	22	33260581	33260885	DUP	100.0	0.0	0.0	1
DUP_22_39103636_48863802_197_171_153_149_109_204	22	39103636	48863802	DUP	100.0	0.0	0.0	1
DUP_22_40780510_40780683_139_91_147_37_2_86	22	40780510	40780683	DUP	100.0	0.0	0.0	1
DUP_22_41844326_41846371_13_124_79_210_2_133	22	41844326	41846371	DUP	100.0	0.0	0.0	1
DUP_22_45110662_45111582_8_67_170_78_187_57	22	45110662	45111582	DUP	100.0	0.0	0.0	1
DUP_22_51438668_51438824_23_192_39_1_36_85	22	51438668	51438824	DUP	100.0	0.0	0.0	1
DUP_22_587401_587568_38_39_19_111_15_113	22	587401	587568	DUP	100.0	0.0	0.0	1
DUP_22_8806694_51848524_24_125_41_45_178_20	22	8806694	51848524	DUP	100.0	0.0	0.0	1
DUP_23_10966715_10966885_87_46_43_34_143_128	23	10966715	10966885	DUP	100.0	0.0	0.0	1
DUP_23_1118452_4781243_141_197_80_93_30_82	23	1118452	4781243	DUP	100.0	0.0	0.0	1
DUP_23_20260046_20260240_109_128_152_171_211_32	23	20260046	20260240	DUP	100.0	0.0	0.0	1
DUP_23_22453184_22747985_1_67_15_211_152_57	23	22453184	22747985	DUP	100.0	0.0	0.0	1
DUP_23_29866006_29867819_29_42_118_123_114_75	23	29866006	29867819	DUP	100.0	0.0	0.0	1
DUP_23_34093149_34095029_189_73_180_104_170_26	23	34093149	34095029	DUP	100.0	0.0	0.0	1
DUP_23_37382818_37383097_199_127_62_171_14_82	23	37382818	37383097	DUP	100.0	0.0	0.0	1
DUP_23_49515609_49516686_3_25_76_185_29_195	23	49515609	49516686	DUP	100.0	0.0	0.0	1
DUP_23_51065374_51067786_103_166_135_169_99_162	23	51065374	51067786	DUP	0.0	100.0	0.0	1
DUP_23_51448862_51449012_77_3_198_80_211_205	23	51448862	51449012	DUP	100.0	0.0	0.0	1
DUP_23_9821122_9845692_35_18_41_130_99_156	23	9821122	9845692	DUP	100.0	0.0	0.0	1
DUP_24_27548974_27549476_139_129_11_175_58_73	24	27548974	27549476	DUP	100.0	0.0	0.0	1
DUP_24_30001157_30001685_173_26_68_183_198_29	24	30001157	30001685	DUP	100.0	0.0	0.0	1
DUP_24_36182570_36182770_115_166_40_170_5_9	24	36182570	36182770	DUP	100.0	0.0	0.0	1
DUP_24_43785399_43786073_38_25_172_166_185_2	24	43785399	43786073	DUP	100.0	0.0	0.0	1
DUP_25_10664749_10666707_120_111_186_36_202_199	25	10664749	10666707	DUP	100.0	0.0	0.0	1
DUP_25_11741500_11741950_196_74_27_28_209_47	25	11741500	11741950	DUP	100.0	0.0	0.0	1
DUP_25_14206988_14210056_210_51_171_185_182_73	25	14206988	14210056	DUP	100.0	0.0	0.0	1
DUP_25_25271534_25271742_99_0_112_175_47_21	25	25271534	25271742	DUP	100.0	0.0	0.0	1
DUP_25_27391388_27391552_108_23_113_193_165_36	25	27391388	27391552	DUP	100.0	0.0	0.0	1
DUP_25_32350754_32351257_182_64_146_49_70_113	25	32350754	32351257	DUP	100.0	0.0	0.0	1
DUP_25_35756508_35757067_61_8_204_23_110_146	25	35756508	35757067	DUP	100.0	0.0	0.0	1
DUP_25_36348076_36348602_49_138_73_151_161_66	25	36348076	36348602	DUP	100.0	0.0	0.0	1
DUP_25_37779150_37779311_28_4_12_99_131_176	25	37779150	37779311	DUP	100.0	0.0	0.0	1
DUP_25_40577857_40578544_85_75_18_26_55_15	25	40577857	40578544	DUP	100.0	0.0	0.0	1
DUP_25_50180870_50191121_187_209_104_100_39_50	25	50180870	50191121	DUP	100.0	0.0	0.0	1
DUP_25_50197456_50207410_55_130_126_0_189_165	25	50197456	50207410	DUP	100.0	0.0	0.0	1
DUP_26_17241360_17241541_169_97_34_88_59_67	26	17241360	17241541	DUP	100.0	0.0	0.0	1
DUP_26_25959334_25980656_42_193_61_146_1_187	26	25959334	25980656	DUP	100.0	0.0	0.0	1
DUP_26_8461364_8461982_76_86_159_51_77_0	26	8461364	8461982	DUP	100.0	0.0	0.0	1
DUP_27_16401632_16401846_145_85_54_69_154_45	27	16401632	16401846	DUP	100.0	0.0	0.0	1
DUP_27_17082289_17082490_14_85_78_151_37_119	27	17082289	17082490	DUP	100.0	0.0	0.0	1
DUP_27_18765929_18767212_0_16_34_153_109_173	27	18765929	18767212	DUP	100.0	0.0	0.0	1
DUP_27_33492969_33496572_15_90_20_170_166_50	27	33492969	33496572	DUP	100.0	0.0	0.0	1
DUP_27_36488362_36488677_137_122_8_173_4_60	27	36488362	36488677	DUP	100.0	0.0	0.0	1
DUP_27_41122440_41124103_134_106_127_76_95_200	27	41122440	41124103	DUP	100.0	0.0	0.0	1
DUP_27_4215235_4217277_206_138_97_203_158_207	27	4215235	4217277	DUP	100.0	0.0	0.0	1
DUP_28_12277980_12278925_2_161_25_83_88_162	28	12277980	12278925	DUP	100.0	0.0	0.0	1
DUP_28_41176528_41176677_66_52_143_8_79_63	28	41176528	41176677	DUP	100.0	0.0	0.0	1
DUP_28_5037624_5040958_81_109_78_203_17_119	28	5037624	5040958	DUP	100.0	0.0	0.0	1
DUP_29_11553716_11554200_47_74_32_63_206_28	29	11553716	11554200	DUP	0.0	100.0	0.0	1
DUP_29_12890614_12891269_41_46_20_4_148_170	29	12890614	12891269	DUP	100.0	0.0	0.0	1
DUP_29_15439041_15439453_82_178_13_100_151_175	29	15439041	15439453	DUP	0.0	100.0	0.0	1
DUP_29_15713749_15713985_14_78_112_52_87_82	29	15713749	15713985	DUP	100.0	0.0	0.0	1
DUP_29_16070299_16070693_17_128_69_103_109_98	29	16070299	16070693	DUP	100.0	0.0	0.0	1
DUP_29_16630194_16630501_134_3_100_67_33_13	29	16630194	16630501	DUP	100.0	0.0	0.0	1
DUP_29_19222856_19223869_162_53_44_187_68_135	29	19222856	19223869	DUP	100.0	0.0	0.0	1
DUP_29_20645131_20652468_87_111_147_20_158_196	29	20645131	20652468	DUP	100.0	0.0	0.0	1
DUP_29_23425016_23425194_128_26_30_58_187_127	29	23425016	23425194	DUP	100.0	0.0	0.0	1
DUP_29_27172823_27173409_198_98_57_33_158_120	29	27172823	27173409	DUP	100.0	0.0	0.0	1
DUP_29_3024744_3024966_47_196_67_1_129_102	29	3024744	3024966	DUP	100.0	0.0	0.0	1
DUP_29_32070037_32070443_4_97_143_79_62_56	29	32070037	32070443	DUP	100.0	0.0	0.0	1
DUP_29_32833415_32833833_201_210_26_140_91_138	29	32833415	32833833	DUP	100.0	0.0	0.0	1
DUP_29_8712155_8712874_182_12_51_167_20_90	29	8712155	8712874	DUP	0.0	100.0	0.0	1
DUP_2_11771376_11771530_147_37_120_166_188_114	2	11771376	11771530	DUP	100.0	0.0	0.0	1
DUP_2_14664077_14664855_25_112_147_106_191_139	2	14664077	14664855	DUP	100.0	0.0	0.0	1
DUP_2_1745531_1745978_194_147_100_133_66_4	2	1745531	1745978	DUP	100.0	0.0	0.0	1
DUP_2_20041972_20042523_24_63_192_100_36_3	2	20041972	20042523	DUP	100.0	0.0	0.0	1
DUP_2_23651914_23652823_62_111_206_135_125_155	2	23651914	23652823	DUP	100.0	0.0	0.0	1
DUP_2_37744566_37745349_67_160_158_88_57_79	2	37744566	37745349	DUP	100.0	0.0	0.0	1
DUP_2_3789885_3885499_60_105_85_149_93_165	2	3789885	3885499	DUP	100.0	0.0	0.0	1
DUP_2_59057497_59059710_143_108_59_40_116_133	2	59057497	59059710	DUP	100.0	0.0	0.0	1
DUP_2_66493636_66493804_53_177_170_50_81_125	2	66493636	66493804	DUP	100.0	0.0	0.0	1
DUP_2_73366904_73367764_165_201_57_200_23_97	2	73366904	73367764	DUP	100.0	0.0	0.0	1
DUP_2_76854175_76854321_150_54_43_151_49_24	2	76854175	76854321	DUP	100.0	0.0	0.0	1
DUP_2_80814303_80814550_196_169_171_211_87_113	2	80814303	80814550	DUP	100.0	0.0	0.0	1
DUP_2_82617526_82617949_78_0_175_150_112_200	2	82617526	82617949	DUP	100.0	0.0	0.0	1
DUP_2_83913783_84143794_8_204_200_90_43_20	2	83913783	84143794	DUP	100.0	0.0	0.0	1
DUP_30_15718540_15718717_166_15_1_108_4_103	30	15718540	15718717	DUP	100.0	0.0	0.0	1
DUP_30_23063925_23065465_178_5_64_58_39_158	30	23063925	23065465	DUP	100.0	0.0	0.0	1
DUP_30_29000533_29001148_118_149_159_44_32_30	30	29000533	29001148	DUP	100.0	0.0	0.0	1
DUP_30_5515014_5515234_21_114_139_168_160_14	30	5515014	5515234	DUP	100.0	0.0	0.0	1
DUP_30_644234_645007_138_36_122_171_6_183	30	644234	645007	DUP	100.0	0.0	0.0	1
DUP_30_8781667_8782043_185_60_26_17_51_50	30	8781667	8782043	DUP	100.0	0.0	0.0	1
DUP_31_11404196_11408123_117_193_30_98_182_46	31	11404196	11408123	DUP	100.0	0.0	0.0	1
DUP_31_15759304_15761900_111_180_153_94_119_203	31	15759304	15761900	DUP	100.0	0.0	0.0	1
DUP_31_1788747_2130623_168_127_131_94_185_93	31	1788747	2130623	DUP	100.0	0.0	0.0	1
DUP_31_22723458_22723834_50_80_111_17_186_168	31	22723458	22723834	DUP	100.0	0.0	0.0	1
DUP_31_31279598_31279959_48_160_204_152_189_42	31	31279598	31279959	DUP	100.0	0.0	0.0	1
DUP_31_32473673_32496962_54_69_208_88_117_106	31	32473673	32496962	DUP	100.0	0.0	0.0	1
DUP_31_32749630_32749789_173_154_170_100_207_183	31	32749630	32749789	DUP	100.0	0.0	0.0	1
DUP_31_3667443_3668102_102_180_84_51_167_145	31	3667443	3668102	DUP	100.0	0.0	0.0	1
DUP_31_38681243_38681722_41_152_13_22_124_50	31	38681243	38681722	DUP	100.0	0.0	0.0	1
DUP_31_9415921_9416122_103_118_69_179_141_191	31	9415921	9416122	DUP	100.0	0.0	0.0	1
DUP_32_10665842_10666175_45_41_189_7_2_208	32	10665842	10666175	DUP	100.0	0.0	0.0	1
DUP_32_15327010_15327668_207_45_32_47_0_127	32	15327010	15327668	DUP	100.0	0.0	0.0	1
DUP_32_25374819_25376395_87_13_85_186_1_12	32	25374819	25376395	DUP	100.0	0.0	0.0	1
DUP_32_30253743_30254019_72_50_194_168_22_102	32	30253743	30254019	DUP	100.0	0.0	0.0	1
DUP_32_31125040_31126175_200_154_182_185_38_134	32	31125040	31126175	DUP	100.0	0.0	0.0	1
DUP_32_37228531_37228872_39_61_164_177_47_154	32	37228531	37228872	DUP	100.0	0.0	0.0	1
DUP_32_5040578_5040792_168_104_64_48_67_2	32	5040578	5040792	DUP	100.0	0.0	0.0	1
DUP_32_7912096_7912309_113_92_91_76_103_179	32	7912096	7912309	DUP	100.0	0.0	0.0	1
DUP_32_917108_922115_44_3_92_115_157_179	32	917108	922115	DUP	100.0	0.0	0.0	1
DUP_32_9499015_9499196_191_173_109_97_13_152	32	9499015	9499196	DUP	100.0	0.0	0.0	1
DUP_33_10615028_10615682_121_163_207_14_0_57	33	10615028	10615682	DUP	100.0	0.0	0.0	1
DUP_33_10633620_10633784_133_77_47_195_66_30	33	10633620	10633784	DUP	100.0	0.0	0.0	1
DUP_33_12320864_12321018_7_38_63_128_119_168	33	12320864	12321018	DUP	100.0	0.0	0.0	1
DUP_33_1636522_1636817_138_137_171_120_44_16	33	1636522	1636817	DUP	100.0	0.0	0.0	1
DUP_33_21071221_21072516_136_6_205_9_152_114	33	21071221	21072516	DUP	0.0	100.0	0.0	1
DUP_33_336987_337211_182_72_83_50_180_16	33	336987	337211	DUP	100.0	0.0	0.0	1
DUP_33_5115106_5115275_80_15_156_206_210_63	33	5115106	5115275	DUP	100.0	0.0	0.0	1
DUP_33_5416678_5417240_14_41_190_105_131_46	33	5416678	5417240	DUP	100.0	0.0	0.0	1
DUP_33_599699_599964_158_176_129_66_92_42	33	599699	599964	DUP	100.0	0.0	0.0	1
DUP_34_16196856_16197012_40_66_61_31_187_17	34	16196856	16197012	DUP	100.0	0.0	0.0	1
DUP_34_1927413_1927942_137_201_115_50_0_131	34	1927413	1927942	DUP	100.0	0.0	0.0	1
DUP_34_2135447_2135640_152_160_38_210_154_133	34	2135447	2135640	DUP	100.0	0.0	0.0	1
DUP_34_29578633_29578792_113_178_118_29_9_140	34	29578633	29578792	DUP	100.0	0.0	0.0	1
DUP_34_30160122_30160967_198_26_103_55_98_23	34	30160122	30160967	DUP	100.0	0.0	0.0	1
DUP_34_31615690_31615864_82_62_100_180_201_3	34	31615690	31615864	DUP	100.0	0.0	0.0	1
DUP_34_3497205_3497679_39_57_198_45_94_106	34	3497205	3497679	DUP	100.0	0.0	0.0	1
DUP_34_37089512_37090024_200_40_171_182_64_52	34	37089512	37090024	DUP	100.0	0.0	0.0	1
DUP_34_39244082_39244394_79_15_200_25_194_103	34	39244082	39244394	DUP	100.0	0.0	0.0	1
DUP_35_1056760_1059116_133_82_114_1_105_78	35	1056760	1059116	DUP	100.0	0.0	0.0	1
DUP_35_12479225_12479715_35_116_101_113_64_120	35	12479225	12479715	DUP	100.0	0.0	0.0	1
DUP_35_17363952_17508375_60_178_108_95_62_40	35	17363952	17508375	DUP	100.0	0.0	0.0	1
DUP_35_23651474_23681548_165_91_121_205_37_21	35	23651474	23681548	DUP	100.0	0.0	0.0	1
DUP_35_6581042_6581187_39_15_89_114_49_99	35	6581042	6581187	DUP	100.0	0.0	0.0	1
DUP_35_8407513_8408542_170_206_116_34_106_61	35	8407513	8408542	DUP	0.0	100.0	0.0	1
DUP_36_17050067_17050502_125_57_131_160_75_146	36	17050067	17050502	DUP	100.0	0.0	0.0	1
DUP_36_18942839_18943044_141_165_1_79_61_120	36	18942839	18943044	DUP	100.0	0.0	0.0	1
DUP_36_21741239_21743079_103_84_147_30_88_56	36	21741239	21743079	DUP	100.0	0.0	0.0	1
DUP_36_22137851_22139827_180_12_155_203_73_111	36	22137851	22139827	DUP	100.0	0.0	0.0	1
DUP_36_2869594_2870972_20_52_191_47_39_10	36	2869594	2870972	DUP	100.0	0.0	0.0	1
DUP_36_3713356_3713530_99_172_196_8_139_184	36	3713356	3713530	DUP	100.0	0.0	0.0	1
DUP_36_9116184_9116316_112_77_66_184_156_4	36	9116184	9116316	DUP	100.0	0.0	0.0	1
DUP_37_20778388_20778545_182_168_166_49_156_115	37	20778388	20778545	DUP	100.0	0.0	0.0	1
DUP_37_20849270_20850196_40_145_184_43_68_133	37	20849270	20850196	DUP	100.0	0.0	0.0	1
DUP_37_21198655_21200304_147_1_74_118_17_172	37	21198655	21200304	DUP	100.0	0.0	0.0	1
DUP_37_27334729_27334986_121_0_183_94_22_171	37	27334729	27334986	DUP	100.0	0.0	0.0	1
DUP_37_27548460_27549719_47_67_89_91_129_164	37	27548460	27549719	DUP	100.0	0.0	0.0	1
DUP_37_7357909_7358085_3_196_162_126_13_140	37	7357909	7358085	DUP	100.0	0.0	0.0	1
DUP_38_13884623_13884747_95_65_80_86_14_1	38	13884623	13884747	DUP	100.0	0.0	0.0	1
DUP_38_19669658_19669787_138_104_125_183_68_128	38	19669658	19669787	DUP	100.0	0.0	0.0	1
DUP_38_23711556_23711777_10_1_126_14_176_15	38	23711556	23711777	DUP	100.0	0.0	0.0	1
DUP_38_4182806_4183201_145_197_166_111_96_53	38	4182806	4183201	DUP	100.0	0.0	0.0	1
DUP_38_5577301_5578102_36_189_7_148_64_37	38	5577301	5578102	DUP	100.0	0.0	0.0	1
DUP_38_8645517_8646109_208_56_59_27_90_139	38	8645517	8646109	DUP	100.0	0.0	0.0	1
DUP_38_8736317_8736857_185_124_71_201_27_150	38	8736317	8736857	DUP	100.0	0.0	0.0	1
DUP_38_9485527_9486655_129_193_12_114_155_46	38	9485527	9486655	DUP	100.0	0.0	0.0	1
DUP_38_9832663_9833174_183_53_73_136_190_70	38	9832663	9833174	DUP	100.0	0.0	0.0	1
DUP_3_10655039_12239840_210_123_88_209_19_38	3	10655039	12239840	DUP	100.0	0.0	0.0	1
DUP_3_11733561_11735328_21_56_24_98_135_162	3	11733561	11735328	DUP	100.0	0.0	0.0	1
DUP_3_21685003_75890491_138_191_43_0_158_189	3	21685003	75890491	DUP	100.0	0.0	0.0	1
DUP_3_25435984_25476792_1_99_206_108_106_6	3	25435984	25476792	DUP	100.0	0.0	0.0	1
DUP_3_32641503_32642605_107_98_31_129_18_166	3	32641503	32642605	DUP	0.0	100.0	0.0	1
DUP_3_32895099_32895351_83_44_61_205_15_175	3	32895099	32895351	DUP	100.0	0.0	0.0	1
DUP_3_34904527_34905367_165_139_143_185_29_210	3	34904527	34905367	DUP	100.0	0.0	0.0	1
DUP_3_34985778_34987448_84_175_198_43_211_93	3	34985778	34987448	DUP	100.0	0.0	0.0	1
DUP_3_35941476_35991797_9_193_204_53_149_62	3	35941476	35991797	DUP	100.0	0.0	0.0	1
DUP_3_46594102_46595116_117_176_109_207_43_50	3	46594102	46595116	DUP	100.0	0.0	0.0	1
DUP_3_46808012_46808374_102_45_44_164_86_30	3	46808012	46808374	DUP	100.0	0.0	0.0	1
DUP_3_50925047_50925585_6_48_36_88_210_115	3	50925047	50925585	DUP	100.0	0.0	0.0	1
DUP_3_53637566_53640590_167_56_40_173_44_43	3	53637566	53640590	DUP	100.0	0.0	0.0	1
DUP_3_66787992_66788792_150_210_67_142_175_139	3	66787992	66788792	DUP	100.0	0.0	0.0	1
DUP_3_69003246_69003551_126_177_0_139_179_201	3	69003246	69003551	DUP	100.0	0.0	0.0	1
DUP_3_78217204_78217422_91_19_131_87_98_170	3	78217204	78217422	DUP	100.0	0.0	0.0	1
DUP_3_79090135_79090413_137_23_106_61_136_178	3	79090135	79090413	DUP	100.0	0.0	0.0	1
DUP_3_84662694_84662901_77_93_60_79_147_200	3	84662694	84662901	DUP	100.0	0.0	0.0	1
DUP_3_86232894_86233792_133_90_93_47_152_30	3	86232894	86233792	DUP	100.0	0.0	0.0	1
DUP_4_13709684_13709873_41_148_176_84_132_174	4	13709684	13709873	DUP	100.0	0.0	0.0	1
DUP_4_15043321_15043514_122_58_18_33_190_48	4	15043321	15043514	DUP	100.0	0.0	0.0	1
DUP_4_1874710_1875931_33_156_5_193_71_140	4	1874710	1875931	DUP	100.0	0.0	0.0	1
DUP_4_24087744_24087924_206_66_67_119_49_37	4	24087744	24087924	DUP	100.0	0.0	0.0	1
DUP_4_26611927_26612109_72_181_115_89_0_208	4	26611927	26612109	DUP	100.0	0.0	0.0	1
DUP_4_3748941_3749552_93_68_109_46_130_13	4	3748941	3749552	DUP	100.0	0.0	0.0	1
DUP_4_44788211_44788707_25_57_156_3_85_37	4	44788211	44788707	DUP	100.0	0.0	0.0	1
DUP_4_45385530_45385697_148_89_121_66_104_187	4	45385530	45385697	DUP	100.0	0.0	0.0	1
DUP_4_49767991_49768163_187_86_137_42_49_114	4	49767991	49768163	DUP	100.0	0.0	0.0	1
DUP_4_58131786_58133523_51_76_22_18_85_188	4	58131786	58133523	DUP	100.0	0.0	0.0	1
DUP_4_64748405_64748703_91_137_107_203_182_41	4	64748405	64748703	DUP	100.0	0.0	0.0	1
DUP_4_7391548_7391833_110_158_117_17_99_129	4	7391548	7391833	DUP	100.0	0.0	0.0	1
DUP_4_7907012_7907969_173_64_2_61_120_200	4	7907012	7907969	DUP	100.0	0.0	0.0	1
DUP_4_80955146_81186273_150_64_169_40_92_85	4	80955146	81186273	DUP	100.0	0.0	0.0	1
DUP_4_84551053_84553795_210_191_147_54_60_177	4	84551053	84553795	DUP	100.0	0.0	0.0	1
DUP_4_87315134_87315300_23_182_52_97_197_58	4	87315134	87315300	DUP	100.0	0.0	0.0	1
DUP_5_12415343_12415630_63_67_50_131_164_147	5	12415343	12415630	DUP	100.0	0.0	0.0	1
DUP_5_12850601_12859875_65_94_26_64_9_97	5	12850601	12859875	DUP	100.0	0.0	0.0	1
DUP_5_15064248_15090118_198_149_160_47_48_116	5	15064248	15090118	DUP	100.0	0.0	0.0	1
DUP_5_19639896_19640682_161_176_88_193_208_127	5	19639896	19640682	DUP	100.0	0.0	0.0	1
DUP_5_25729421_25731974_78_188_64_147_13_138	5	25729421	25731974	DUP	100.0	0.0	0.0	1
DUP_5_26966796_26967529_187_176_84_142_8_144	5	26966796	26967529	DUP	100.0	0.0	0.0	1
DUP_5_27122474_27122683_11_105_194_73_148_0	5	27122474	27122683	DUP	100.0	0.0	0.0	1
DUP_5_2877166_24826376_194_103_110_104_151_23	5	2877166	24826376	DUP	0.0	100.0	0.0	1
DUP_5_31505297_31505830_148_127_38_32_48_2	5	31505297	31505830	DUP	100.0	0.0	0.0	1
DUP_5_37031363_37032919_5_62_174_195_29_105	5	37031363	37032919	DUP	100.0	0.0	0.0	1
DUP_5_37948541_37949644_71_103_53_62_16_210	5	37948541	37949644	DUP	100.0	0.0	0.0	1
DUP_5_44776272_44799186_161_132_117_153_171_206	5	44776272	44799186	DUP	100.0	0.0	0.0	1
DUP_5_74327988_74391845_19_81_195_29_206_70	5	74327988	74391845	DUP	100.0	0.0	0.0	1
DUP_5_76929531_76929788_118_9_112_97_186_40	5	76929531	76929788	DUP	100.0	0.0	0.0	1
DUP_5_80445976_80446220_85_171_128_45_174_140	5	80445976	80446220	DUP	100.0	0.0	0.0	1
DUP_5_84940082_84940616_90_133_155_56_106_78	5	84940082	84940616	DUP	100.0	0.0	0.0	1
DUP_6_16766416_16767188_84_109_191_19_102_138	6	16766416	16767188	DUP	100.0	0.0	0.0	1
DUP_6_18872383_18872537_207_45_142_64_52_93	6	18872383	18872537	DUP	100.0	0.0	0.0	1
DUP_6_22511089_22511588_64_109_173_54_76_53	6	22511089	22511588	DUP	100.0	0.0	0.0	1
DUP_6_24614067_24614923_133_195_105_5_110_12	6	24614067	24614923	DUP	100.0	0.0	0.0	1
DUP_6_32417660_32418061_73_209_161_28_200_180	6	32417660	32418061	DUP	100.0	0.0	0.0	1
DUP_6_38253461_38266123_58_40_156_114_190_74	6	38253461	38266123	DUP	100.0	0.0	0.0	1
DUP_6_46273758_46278126_81_174_20_100_82_183	6	46273758	46278126	DUP	100.0	0.0	0.0	1
DUP_6_46407397_46407641_162_45_181_14_192_114	6	46407397	46407641	DUP	100.0	0.0	0.0	1
DUP_6_54280431_54283192_98_192_108_127_71_128	6	54280431	54283192	DUP	100.0	0.0	0.0	1
DUP_6_56571359_56571691_145_37_13_178_48_54	6	56571359	56571691	DUP	100.0	0.0	0.0	1
DUP_6_59716194_59716830_155_36_145_191_167_67	6	59716194	59716830	DUP	100.0	0.0	0.0	1
DUP_6_74587213_74587490_65_55_56_198_3_205	6	74587213	74587490	DUP	100.0	0.0	0.0	1
DUP_7_15985441_15985597_38_197_199_27_204_129	7	15985441	15985597	DUP	100.0	0.0	0.0	1
DUP_7_27846976_27847863_182_133_202_209_13_130	7	27846976	27847863	DUP	100.0	0.0	0.0	1
DUP_7_39764367_39764527_97_12_66_33_166_63	7	39764367	39764527	DUP	100.0	0.0	0.0	1
DUP_7_49955461_49955613_75_133_205_134_33_189	7	49955461	49955613	DUP	100.0	0.0	0.0	1
DUP_7_54872355_54872547_191_91_113_12_163_175	7	54872355	54872547	DUP	100.0	0.0	0.0	1
DUP_7_55371220_55371729_20_133_25_85_189_201	7	55371220	55371729	DUP	100.0	0.0	0.0	1
DUP_7_55705499_55744864_144_209_37_74_172_152	7	55705499	55744864	DUP	0.0	100.0	0.0	1
DUP_7_56106876_56107032_104_6_59_50_106_89	7	56106876	56107032	DUP	100.0	0.0	0.0	1
DUP_7_65316621_65317240_45_70_79_176_14_98	7	65316621	65317240	DUP	100.0	0.0	0.0	1
DUP_7_68254576_68254776_145_1_191_7_200_51	7	68254576	68254776	DUP	100.0	0.0	0.0	1
DUP_7_73275050_73276065_64_144_110_130_116_84	7	73275050	73276065	DUP	100.0	0.0	0.0	1
DUP_7_9136989_9137150_158_73_185_84_95_25	7	9136989	9137150	DUP	100.0	0.0	0.0	1
DUP_8_20677013_20682264_20_143_209_153_120_48	8	20677013	20682264	DUP	100.0	0.0	0.0	1
DUP_8_21577404_21577572_0_209_146_197_11_185	8	21577404	21577572	DUP	100.0	0.0	0.0	1
DUP_8_25454090_25454383_21_114_118_138_164_179	8	25454090	25454383	DUP	100.0	0.0	0.0	1
DUP_8_3323423_3324020_131_141_151_19_143_81	8	3323423	3324020	DUP	100.0	0.0	0.0	1
DUP_8_37353481_37353814_195_167_104_209_124_192	8	37353481	37353814	DUP	100.0	0.0	0.0	1
DUP_8_50358615_50360122_89_136_150_87_194_115	8	50358615	50360122	DUP	100.0	0.0	0.0	1
DUP_8_51388371_51388587_108_24_210_13_174_193	8	51388371	51388587	DUP	100.0	0.0	0.0	1
DUP_8_56967895_56968127_204_93_87_194_117_53	8	56967895	56968127	DUP	100.0	0.0	0.0	1
DUP_8_58287841_58287992_24_179_157_145_161_63	8	58287841	58287992	DUP	100.0	0.0	0.0	1
DUP_8_58910580_58911054_188_179_192_176_13_34	8	58910580	58911054	DUP	100.0	0.0	0.0	1
DUP_8_59499619_59499773_53_27_74_77_50_163	8	59499619	59499773	DUP	100.0	0.0	0.0	1
DUP_8_62837607_62838871_67_53_7_92_66_76	8	62837607	62838871	DUP	100.0	0.0	0.0	1
DUP_8_70707624_70707913_98_154_161_4_94_12	8	70707624	70707913	DUP	100.0	0.0	0.0	1
DUP_9_16219066_16220504_106_139_94_197_172_181	9	16219066	16220504	DUP	100.0	0.0	0.0	1
DUP_9_19405878_19406267_38_88_67_122_61_209	9	19405878	19406267	DUP	100.0	0.0	0.0	1
DUP_9_19508523_19509131_149_113_161_64_208_185	9	19508523	19509131	DUP	100.0	0.0	0.0	1
DUP_9_31435557_31437117_43_48_144_55_182_173	9	31435557	31437117	DUP	100.0	0.0	0.0	1
DUP_9_34526107_34603270_146_40_199_120_135_132	9	34526107	34603270	DUP	100.0	0.0	0.0	1
DUP_9_45551993_45553173_57_7_186_140_103_171	9	45551993	45553173	DUP	0.0	100.0	0.0	1
DUP_9_46331658_46331990_43_30_80_122_108_177	9	46331658	46331990	DUP	100.0	0.0	0.0	1
DUP_9_49998604_49998908_161_12_57_196_105_40	9	49998604	49998908	DUP	100.0	0.0	0.0	1
