INV_10_40710130_40710314_202_177_209_53_71_145	10	40710130	40710314	INV	100.0	0.0	0.0	2
INV_11_17463510_17464003_182_198_97_17_128_135	11	17463510	17464003	INV	100.0	0.0	0.0	2
INV_11_58652411_58652971_1_201_41_183_16_177	11	58652411	58652971	INV	100.0	0.0	0.0	2
INV_12_38587300_38587456_200_60_114_166_109_177	12	38587300	38587456	INV	100.0	0.0	0.0	2
INV_12_62446076_62446179_194_40_26_158_99_30	12	62446076	62446179	INV	100.0	0.0	0.0	2
INV_13_49251103_49253286_70_151_23_116_73_64	13	49251103	49253286	INV	100.0	0.0	0.0	2
INV_13_52676730_52676863_125_32_53_26_91_109	13	52676730	52676863	INV	100.0	0.0	0.0	2
INV_13_54371558_54372043_99_64_141_205_193_178	13	54371558	54372043	INV	100.0	0.0	0.0	2
INV_14_11450473_11450717_195_66_83_120_121_30	14	11450473	11450717	INV	100.0	0.0	0.0	2
INV_14_52230492_52230619_151_43_125_131_90_152	14	52230492	52230619	INV	100.0	0.0	0.0	2
INV_15_26711541_26711747_4_128_93_185_186_31	15	26711541	26711747	INV	100.0	0.0	0.0	2
INV_15_36322447_36322577_110_142_105_191_24_176	15	36322447	36322577	INV	100.0	0.0	0.0	2
INV_15_50830272_50830500_25_203_140_88_77_210	15	50830272	50830500	INV	100.0	0.0	0.0	2
INV_16_12743971_12744054_200_161_163_52_148_211	16	12743971	12744054	INV	100.0	0.0	0.0	2
INV_16_20647128_20647496_42_202_114_154_107_115	16	20647128	20647496	INV	100.0	0.0	0.0	2
INV_17_15664468_15664592_102_178_88_130_201_77	17	15664468	15664592	INV	100.0	0.0	0.0	2
INV_17_38912168_38912225_189_136_120_64_173_207	17	38912168	38912225	INV	100.0	0.0	0.0	2
INV_17_55455034_55455157_114_79_83_161_48_160	17	55455034	55455157	INV	100.0	0.0	0.0	2
INV_18_11110674_11110756_178_24_179_159_3_48	18	11110674	11110756	INV	100.0	0.0	0.0	2
INV_18_22612797_22612896_65_199_29_169_203_209	18	22612797	22612896	INV	100.0	0.0	0.0	2
INV_18_39512912_39513836_202_55_181_45_67_75	18	39512912	39513836	INV	100.0	0.0	0.0	2
INV_18_43963421_43964240_56_137_20_91_16_41	18	43963421	43964240	INV	100.0	0.0	0.0	2
INV_18_55477239_55477361_49_189_129_73_43_178	18	55477239	55477361	INV	100.0	0.0	0.0	2
INV_19_38047071_38047131_80_198_86_60_208_40	19	38047071	38047131	INV	100.0	0.0	0.0	2
INV_1_43708687_43710034_19_98_194_122_138_23	1	43708687	43710034	INV	100.0	0.0	0.0	2
INV_1_58717538_58717963_4_174_188_81_67_144	1	58717538	58717963	INV	100.0	0.0	0.0	2
INV_1_58717698_58717962_10_135_139_165_151_8	1	58717698	58717962	INV	100.0	0.0	0.0	2
INV_1_7497310_7501458_204_206_25_79_152_47	1	7497310	7501458	INV	100.0	0.0	0.0	2
INV_20_11939344_11939438_65_135_68_104_196_84	20	11939344	11939438	INV	100.0	0.0	0.0	2
INV_22_11648441_11648661_134_128_99_61_90_156	22	11648441	11648661	INV	100.0	0.0	0.0	2
INV_22_34135453_34137434_8_173_143_105_42_75	22	34135453	34137434	INV	100.0	0.0	0.0	2
INV_22_39200563_39204909_174_1_22_182_80_38	22	39200563	39204909	INV	100.0	0.0	0.0	2
INV_22_57234406_57234495_203_198_154_112_77_72	22	57234406	57234495	INV	100.0	0.0	0.0	2
INV_23_40248224_40248391_122_156_72_105_200_46	23	40248224	40248391	INV	100.0	0.0	0.0	2
INV_23_5303533_5303603_174_169_15_178_129_163	23	5303533	5303603	INV	100.0	0.0	0.0	2
INV_24_10595277_10595771_68_152_170_192_0_44	24	10595277	10595771	INV	100.0	0.0	0.0	2
INV_24_15635870_15636011_129_71_105_2_15_25	24	15635870	15636011	INV	100.0	0.0	0.0	2
INV_24_42127940_42128458_162_38_120_2_64_161	24	42127940	42128458	INV	100.0	0.0	0.0	2
INV_28_30451914_30452088_3_129_72_184_43_11	28	30451914	30452088	INV	100.0	0.0	0.0	2
INV_29_25921190_25921328_16_41_91_14_198_147	29	25921190	25921328	INV	100.0	0.0	0.0	2
INV_2_26256244_26256518_164_9_189_97_91_136	2	26256244	26256518	INV	100.0	0.0	0.0	2
INV_2_33140120_33140200_16_174_11_79_128_57	2	33140120	33140200	INV	100.0	0.0	0.0	2
INV_30_18395075_18395528_117_12_3_173_77_152	30	18395075	18395528	INV	100.0	0.0	0.0	2
INV_30_28847167_28847324_143_103_203_159_58_169	30	28847167	28847324	INV	100.0	0.0	0.0	2
INV_31_11954524_11954906_129_121_184_28_4_103	31	11954524	11954906	INV	100.0	0.0	0.0	2
INV_32_15756178_15756405_137_204_80_183_24_99	32	15756178	15756405	INV	100.0	0.0	0.0	2
INV_32_2743548_2743685_149_48_14_195_174_170	32	2743548	2743685	INV	100.0	0.0	0.0	2
INV_32_32591951_32592175_54_95_180_8_92_172	32	32591951	32592175	INV	100.0	0.0	0.0	2
INV_32_35621258_35628429_175_36_4_15_46_195	32	35621258	35628429	INV	100.0	0.0	0.0	2
INV_33_2917045_2918633_55_157_211_196_126_173	33	2917045	2918633	INV	100.0	0.0	0.0	2
INV_33_30453456_30453680_154_57_139_149_90_24	33	30453456	30453680	INV	100.0	0.0	0.0	2
INV_34_26615825_26615945_24_84_148_126_129_34	34	26615825	26615945	INV	100.0	0.0	0.0	2
INV_34_28250797_28250952_190_143_68_116_144_89	34	28250797	28250952	INV	100.0	0.0	0.0	2
INV_34_32642786_32642899_168_123_19_194_209_170	34	32642786	32642899	INV	100.0	0.0	0.0	2
INV_34_41758829_41759227_141_201_68_175_206_108	34	41758829	41759227	INV	100.0	0.0	0.0	2
INV_35_10665790_10667541_87_64_124_196_146_201	35	10665790	10667541	INV	100.0	0.0	0.0	2
INV_3_46356139_46356314_58_79_0_31_46_9	3	46356139	46356314	INV	100.0	0.0	0.0	2
INV_3_65112681_65112779_164_31_129_25_10_124	3	65112681	65112779	INV	100.0	0.0	0.0	2
INV_4_31758322_31758437_170_33_3_81_53_68	4	31758322	31758437	INV	100.0	0.0	0.0	2
INV_5_17076450_17076566_55_45_53_16_192_60	5	17076450	17076566	INV	100.0	0.0	0.0	2
INV_5_25200181_25200236_58_55_31_62_117_79	5	25200181	25200236	INV	100.0	0.0	0.0	2
INV_5_53075159_53075550_210_112_200_177_150_108	5	53075159	53075550	INV	100.0	0.0	0.0	2
INV_5_53075213_53075486_210_63_61_93_21_56	5	53075213	53075486	INV	100.0	0.0	0.0	2
INV_5_53075290_53075515_66_210_132_37_14_93	5	53075290	53075515	INV	100.0	0.0	0.0	2
INV_5_53075296_53075484_66_210_74_199_179_133	5	53075296	53075484	INV	100.0	0.0	0.0	2
INV_5_53075303_53075510_66_112_24_26_99_146	5	53075303	53075510	INV	100.0	0.0	0.0	2
INV_5_53075313_53075553_63_55_80_73_50_134	5	53075313	53075553	INV	100.0	0.0	0.0	2
INV_6_72170428_72173992_179_67_118_175_77_17	6	72170428	72173992	INV	100.0	0.0	0.0	2
INV_8_20642462_20642611_204_130_28_175_20_157	8	20642462	20642611	INV	100.0	0.0	0.0	2
INV_8_28973437_28973695_123_71_58_187_198_148	8	28973437	28973695	INV	100.0	0.0	0.0	2
INV_8_51783229_51786467_128_145_142_151_177_34	8	51783229	51786467	INV	100.0	0.0	0.0	2
INV_9_18852960_18853097_23_118_178_86_53_2	9	18852960	18853097	INV	100.0	0.0	0.0	2
INV_10_17097594_17098492_49_196_153_178_150_66	10	17097594	17098492	INV	50.0	50.0	0.0	2
INV_10_30249028_30249075_142_20_157_75_70_146	10	30249028	30249075	INV	50.0	50.0	0.0	2
INV_10_35030899_35031852_106_167_26_154_183_186	10	35030899	35031852	INV	50.0	50.0	0.0	2
INV_12_38587285_38587538_204_89_131_95_13_205	12	38587285	38587538	INV	50.0	50.0	0.0	2
INV_13_11026432_11029136_178_21_29_4_68_91	13	11026432	11029136	INV	50.0	50.0	0.0	2
INV_14_11450539_11450723_178_106_46_190_99_188	14	11450539	11450723	INV	50.0	50.0	0.0	2
INV_17_57046846_57046990_20_14_83_120_11_152	17	57046846	57046990	INV	50.0	50.0	0.0	2
INV_19_48023612_48023768_124_135_189_194_63_206	19	48023612	48023768	INV	50.0	50.0	0.0	2
INV_1_11578427_11598455_92_178_117_150_179_155	1	11578427	11598455	INV	50.0	50.0	0.0	2
INV_1_45940440_45952090_18_70_13_160_88_192	1	45940440	45952090	INV	50.0	50.0	0.0	2
INV_20_30484494_30484906_209_12_8_92_4_14	20	30484494	30484906	INV	50.0	50.0	0.0	2
INV_22_22038082_22038676_163_10_144_136_182_193	22	22038082	22038676	INV	50.0	50.0	0.0	2
INV_22_40003732_40042661_21_111_40_19_60_100	22	40003732	40042661	INV	50.0	50.0	0.0	2
INV_23_32815576_32815625_56_110_41_79_5_161	23	32815576	32815625	INV	50.0	50.0	0.0	2
INV_25_42498961_42501034_4_56_62_109_41_16	25	42498961	42501034	INV	50.0	50.0	0.0	2
INV_2_26685463_26685947_207_185_37_123_80_204	2	26685463	26685947	INV	50.0	50.0	0.0	2
INV_2_42846419_42846617_12_96_144_5_81_33	2	42846419	42846617	INV	50.0	50.0	0.0	2
INV_2_82471442_82471770_200_35_38_44_82_206	2	82471442	82471770	INV	50.0	50.0	0.0	2
INV_30_29414032_29414238_125_204_140_142_141_129	30	29414032	29414238	INV	50.0	50.0	0.0	2
INV_31_15318811_15319416_136_161_74_201_46_180	31	15318811	15319416	INV	50.0	50.0	0.0	2
INV_32_17540031_17552450_128_79_80_102_177_103	32	17540031	17552450	INV	50.0	50.0	0.0	2
INV_32_2704386_2705077_5_80_162_81_197_135	32	2704386	2705077	INV	50.0	50.0	0.0	2
INV_32_27485778_27486643_99_43_57_68_66_158	32	27485778	27486643	INV	50.0	50.0	0.0	2
INV_34_28852246_28854491_153_174_186_128_132_190	34	28852246	28854491	INV	50.0	50.0	0.0	2
INV_36_21765055_21765219_71_136_204_67_1_56	36	21765055	21765219	INV	50.0	50.0	0.0	2
INV_37_25394543_25395145_32_148_157_55_158_89	37	25394543	25395145	INV	50.0	50.0	0.0	2
INV_38_9113656_9136649_205_96_0_65_35_41	38	9113656	9136649	INV	50.0	50.0	0.0	2
INV_6_38327876_38339563_22_44_79_42_94_108	6	38327876	38339563	INV	50.0	50.0	0.0	2
INV_7_78256269_78269912_111_12_168_126_60_64	7	78256269	78269912	INV	50.0	50.0	0.0	2
INV_8_28411552_28414220_70_141_86_45_144_109	8	28411552	28414220	INV	50.0	50.0	0.0	2
INV_9_47530105_47530773_173_75_6_9_119_73	9	47530105	47530773	INV	50.0	50.0	0.0	2
INV_10_23277127_23279491_131_3_70_65_97_166	10	23277127	23279491	INV	0.0	100.0	0.0	1
INV_10_23277150_23279270_79_145_115_149_73_101	10	23277150	23279270	INV	0.0	100.0	0.0	1
INV_10_23277477_23279270_30_170_184_190_96_86	10	23277477	23279270	INV	100.0	0.0	0.0	1
INV_10_46890460_46891066_198_156_131_199_207_128	10	46890460	46891066	INV	0.0	100.0	0.0	1
INV_10_46890638_46891068_108_94_27_172_197_128	10	46890638	46891068	INV	0.0	100.0	0.0	1
INV_11_27652064_27654452_37_143_193_9_167_72	11	27652064	27654452	INV	100.0	0.0	0.0	1
INV_11_32246943_32317384_5_191_153_129_184_60	11	32246943	32317384	INV	100.0	0.0	0.0	1
INV_11_57791126_57791209_54_12_137_72_46_157	11	57791126	57791209	INV	100.0	0.0	0.0	1
INV_13_34257060_34257137_174_38_115_180_130_201	13	34257060	34257137	INV	100.0	0.0	0.0	1
INV_13_54371660_54372115_3_99_148_200_42_151	13	54371660	54372115	INV	100.0	0.0	0.0	1
INV_14_42168269_42169024_103_139_137_77_73_158	14	42168269	42169024	INV	0.0	100.0	0.0	1
INV_14_42168383_42168955_112_109_53_185_47_77	14	42168383	42168955	INV	100.0	0.0	0.0	1
INV_16_19640453_19640607_139_16_28_1_144_179	16	19640453	19640607	INV	100.0	0.0	0.0	1
INV_17_12115746_12116564_109_100_194_27_15_172	17	12115746	12116564	INV	0.0	100.0	0.0	1
INV_17_57046793_57047041_58_115_92_26_101_111	17	57046793	57047041	INV	100.0	0.0	0.0	1
INV_18_12698812_12698883_70_115_206_205_173_126	18	12698812	12698883	INV	100.0	0.0	0.0	1
INV_19_10629802_10651091_89_199_209_153_64_147	19	10629802	10651091	INV	100.0	0.0	0.0	1
INV_19_10629811_10650211_134_28_103_55_123_161	19	10629811	10650211	INV	0.0	100.0	0.0	1
INV_19_48023674_48023769_166_159_41_55_68_4	19	48023674	48023769	INV	100.0	0.0	0.0	1
INV_1_122229770_122230798_173_165_27_90_111_0	1	122229770	122230798	INV	100.0	0.0	0.0	1
INV_1_76545311_76546225_60_129_203_140_39_137	1	76545311	76546225	INV	100.0	0.0	0.0	1
INV_20_45334086_45334626_170_81_50_113_163_108	20	45334086	45334626	INV	100.0	0.0	0.0	1
INV_20_45334177_45334632_152_92_140_131_159_66	20	45334177	45334632	INV	100.0	0.0	0.0	1
INV_21_2963317_3132892_67_49_96_66_191_169	21	2963317	3132892	INV	100.0	0.0	0.0	1
INV_22_14918070_14918449_205_168_186_163_162_31	22	14918070	14918449	INV	100.0	0.0	0.0	1
INV_22_29623005_29623773_31_12_103_68_23_45	22	29623005	29623773	INV	100.0	0.0	0.0	1
INV_22_49217141_49217395_31_183_102_132_149_196	22	49217141	49217395	INV	100.0	0.0	0.0	1
INV_23_23960115_23960594_159_198_169_193_210_61	23	23960115	23960594	INV	0.0	100.0	0.0	1
INV_26_31933211_31936493_167_144_113_112_11_164	26	31933211	31936493	INV	100.0	0.0	0.0	1
INV_27_35177738_35187297_93_97_152_148_130_146	27	35177738	35187297	INV	0.0	100.0	0.0	1
INV_32_17555603_17555735_16_34_73_202_197_127	32	17555603	17555735	INV	100.0	0.0	0.0	1
INV_33_29997037_29997208_201_121_169_27_108_42	33	29997037	29997208	INV	0.0	100.0	0.0	1
INV_34_16171407_16172020_189_17_113_102_39_22	34	16171407	16172020	INV	100.0	0.0	0.0	1
INV_34_16171417_16172154_156_38_139_74_209_49	34	16171417	16172154	INV	100.0	0.0	0.0	1
INV_36_14447517_14451992_169_139_72_201_32_22	36	14447517	14451992	INV	100.0	0.0	0.0	1
INV_36_21830124_21832881_68_177_165_4_179_7	36	21830124	21832881	INV	0.0	100.0	0.0	1
INV_36_22582102_22582156_179_88_183_199_100_178	36	22582102	22582156	INV	0.0	100.0	0.0	1
INV_36_9118633_9118705_50_165_103_85_156_119	36	9118633	9118705	INV	100.0	0.0	0.0	1
INV_37_5098981_5106549_137_15_21_182_78_25	37	5098981	5106549	INV	100.0	0.0	0.0	1
INV_38_16909654_16910013_3_16_106_184_198_144	38	16909654	16910013	INV	100.0	0.0	0.0	1
INV_7_12375568_12375792_99_83_53_141_129_143	7	12375568	12375792	INV	0.0	100.0	0.0	1
INV_8_25306773_25313192_133_59_108_6_207_167	8	25306773	25313192	INV	100.0	0.0	0.0	1
INV_9_29424751_29424823_174_13_49_136_33_177	9	29424751	29424823	INV	100.0	0.0	0.0	1
