INV_10_22675999_22676369_194_158_196_26_7_65	10	22675999	22676369	INV	0.0	0.0	100.0	2
INV_10_24041424_24041745_129_167_67_193_33_63	10	24041424	24041745	INV	0.0	0.0	100.0	2
INV_10_34793401_34793708_129_138_122_211_2_19	10	34793401	34793708	INV	0.0	0.0	100.0	2
INV_10_53334927_53337376_114_115_156_26_123_85	10	53334927	53337376	INV	0.0	0.0	100.0	2
INV_10_57569777_57570350_132_168_140_116_142_174	10	57569777	57570350	INV	0.0	0.0	100.0	2
INV_10_6466655_6468475_71_35_54_173_156_164	10	6466655	6468475	INV	0.0	0.0	100.0	2
INV_10_9565651_9565853_78_147_155_148_203_25	10	9565651	9565853	INV	0.0	0.0	100.0	2
INV_11_12504321_12504666_44_117_10_83_205_151	11	12504321	12504666	INV	0.0	0.0	100.0	2
INV_11_15806238_15807328_158_0_172_207_162_168	11	15806238	15807328	INV	0.0	0.0	100.0	2
INV_11_1609214_8923715_188_192_173_102_77_109	11	1609214	8923715	INV	0.0	0.0	100.0	2
INV_11_22705233_22705321_190_0_85_101_20_68	11	22705233	22705321	INV	0.0	0.0	100.0	2
INV_11_25846598_25846939_101_104_74_143_55_172	11	25846598	25846939	INV	0.0	0.0	100.0	2
INV_11_27593055_27593374_76_202_58_77_34_140	11	27593055	27593374	INV	0.0	0.0	100.0	2
INV_11_28463863_28464075_82_42_75_109_177_203	11	28463863	28464075	INV	0.0	0.0	100.0	2
INV_11_31469485_31469887_184_28_43_207_98_70	11	31469485	31469887	INV	0.0	0.0	100.0	2
INV_11_33281240_33287469_91_158_193_36_113_196	11	33281240	33287469	INV	0.0	0.0	100.0	2
INV_11_65069573_65069934_84_170_144_57_91_52	11	65069573	65069934	INV	0.0	0.0	100.0	2
INV_12_11717101_11717497_197_149_206_38_121_189	12	11717101	11717497	INV	0.0	0.0	100.0	2
INV_12_12652077_12652325_51_143_23_177_68_16	12	12652077	12652325	INV	0.0	0.0	100.0	2
INV_12_14810023_14810284_173_132_120_211_21_28	12	14810023	14810284	INV	0.0	0.0	100.0	2
INV_12_16812658_17678939_35_64_94_37_164_170	12	16812658	17678939	INV	0.0	0.0	100.0	2
INV_12_16856130_16860202_168_122_61_62_25_98	12	16856130	16860202	INV	0.0	0.0	100.0	2
INV_12_17532391_17533634_11_19_89_149_109_113	12	17532391	17533634	INV	0.0	0.0	100.0	2
INV_12_17662108_17668500_24_188_126_12_165_7	12	17662108	17668500	INV	0.0	0.0	100.0	2
INV_12_17737613_17745053_162_13_47_67_133_121	12	17737613	17745053	INV	0.0	0.0	100.0	2
INV_12_17937100_17937750_93_0_45_16_103_66	12	17937100	17937750	INV	0.0	0.0	100.0	2
INV_12_1858672_1859237_168_5_117_125_138_133	12	1858672	1859237	INV	0.0	0.0	100.0	2
INV_12_23474604_23475271_211_202_28_201_159_17	12	23474604	23475271	INV	0.0	0.0	100.0	2
INV_12_24098293_24098608_210_93_39_61_180_200	12	24098293	24098608	INV	0.0	0.0	100.0	2
INV_12_31273169_31275224_39_161_28_150_187_85	12	31273169	31275224	INV	0.0	0.0	100.0	2
INV_12_38198888_38202888_13_168_14_156_15_152	12	38198888	38202888	INV	0.0	0.0	100.0	2
INV_12_38587380_38587539_67_120_51_71_207_13	12	38587380	38587539	INV	0.0	0.0	100.0	2
INV_12_62891820_62898091_35_9_57_62_71_56	12	62891820	62898091	INV	0.0	0.0	100.0	2
INV_12_64215624_64215860_22_208_106_206_153_182	12	64215624	64215860	INV	0.0	0.0	100.0	2
INV_12_65299387_65300339_143_162_33_112_153_41	12	65299387	65300339	INV	0.0	0.0	100.0	2
INV_12_69951831_69952424_79_171_44_191_32_16	12	69951831	69952424	INV	0.0	0.0	100.0	2
INV_12_71594082_71594521_25_72_196_203_128_102	12	71594082	71594521	INV	0.0	0.0	100.0	2
INV_12_72278000_72278516_166_68_133_37_93_193	12	72278000	72278516	INV	0.0	0.0	100.0	2
INV_12_7755555_7755825_35_206_5_140_19_195	12	7755555	7755825	INV	0.0	0.0	100.0	2
INV_12_860361_860651_172_174_20_45_182_24	12	860361	860651	INV	0.0	0.0	100.0	2
INV_13_11343653_11344123_12_208_180_26_197_5	13	11343653	11344123	INV	0.0	0.0	100.0	2
INV_13_17762652_17762699_72_107_153_139_177_195	13	17762652	17762699	INV	0.0	0.0	100.0	2
INV_13_40904103_40910731_144_66_112_188_5_10	13	40904103	40910731	INV	0.0	0.0	100.0	2
INV_13_43031338_43031766_211_33_202_41_13_180	13	43031338	43031766	INV	0.0	0.0	100.0	2
INV_13_44667074_44667123_67_14_159_97_5_77	13	44667074	44667123	INV	0.0	0.0	100.0	2
INV_13_52047249_55231133_93_24_198_118_31_46	13	52047249	55231133	INV	0.0	0.0	100.0	2
INV_13_52520959_52523265_98_10_108_136_197_121	13	52520959	52523265	INV	0.0	0.0	100.0	2
INV_13_52902550_52903789_183_27_178_187_8_50	13	52902550	52903789	INV	0.0	0.0	100.0	2
INV_13_58420022_58421200_49_96_128_207_105_192	13	58420022	58421200	INV	0.0	0.0	100.0	2
INV_13_59234167_59234720_36_86_84_180_166_188	13	59234167	59234720	INV	0.0	0.0	100.0	2
INV_13_61151456_61151709_23_25_127_198_191_26	13	61151456	61151709	INV	0.0	0.0	100.0	2
INV_13_62345113_62345491_122_120_118_4_200_146	13	62345113	62345491	INV	0.0	0.0	100.0	2
INV_14_25087105_25087285_58_148_156_93_157_87	14	25087105	25087285	INV	0.0	0.0	100.0	2
INV_14_31017852_31017907_57_11_101_210_185_29	14	31017852	31017907	INV	0.0	0.0	100.0	2
INV_14_34764354_34764837_46_49_129_127_76_115	14	34764354	34764837	INV	0.0	0.0	100.0	2
INV_14_36936212_36936458_170_39_184_194_147_40	14	36936212	36936458	INV	0.0	0.0	100.0	2
INV_14_39241324_39242398_134_107_102_151_47_95	14	39241324	39242398	INV	0.0	0.0	100.0	2
INV_14_42832830_42832925_145_17_104_70_106_27	14	42832830	42832925	INV	0.0	0.0	100.0	2
INV_14_60087447_60087505_98_66_150_65_201_152	14	60087447	60087505	INV	0.0	0.0	100.0	2
INV_14_6922013_6922721_57_109_174_207_56_26	14	6922013	6922721	INV	0.0	0.0	100.0	2
INV_15_15925263_15925339_20_56_187_137_87_30	15	15925263	15925339	INV	0.0	0.0	100.0	2
INV_15_2439084_2439124_127_134_18_196_39_188	15	2439084	2439124	INV	0.0	0.0	100.0	2
INV_15_31160672_31160963_0_61_82_69_133_143	15	31160672	31160963	INV	0.0	0.0	100.0	2
INV_15_3158892_3159227_182_51_23_196_119_166	15	3158892	3159227	INV	0.0	0.0	100.0	2
INV_15_35980179_35980693_105_23_208_205_188_197	15	35980179	35980693	INV	0.0	0.0	100.0	2
INV_15_39875641_39882105_87_98_130_24_152_60	15	39875641	39882105	INV	0.0	0.0	100.0	2
INV_15_47398844_47399056_121_158_47_64_207_145	15	47398844	47399056	INV	0.0	0.0	100.0	2
INV_15_47748797_47749059_158_83_112_2_201_46	15	47748797	47749059	INV	0.0	0.0	100.0	2
INV_15_61423535_61424321_73_207_160_200_114_69	15	61423535	61424321	INV	0.0	0.0	100.0	2
INV_16_19693484_19693963_25_15_49_13_67_194	16	19693484	19693963	INV	0.0	0.0	100.0	2
INV_16_22910485_22910526_4_192_211_187_94_168	16	22910485	22910526	INV	0.0	0.0	100.0	2
INV_16_26498858_26498957_110_156_159_208_174_201	16	26498858	26498957	INV	0.0	0.0	100.0	2
INV_16_29306232_29306335_17_36_95_96_197_5	16	29306232	29306335	INV	0.0	0.0	100.0	2
INV_16_29434743_29434783_141_208_44_106_41_140	16	29434743	29434783	INV	0.0	0.0	100.0	2
INV_16_37895583_37895771_11_133_182_187_162_89	16	37895583	37895771	INV	0.0	0.0	100.0	2
INV_16_38544574_38619695_11_90_80_89_22_6	16	38544574	38619695	INV	0.0	0.0	100.0	2
INV_16_42180621_42181055_2_143_66_9_12_13	16	42180621	42181055	INV	0.0	0.0	100.0	2
INV_16_50340693_50341469_36_117_81_198_34_127	16	50340693	50341469	INV	0.0	0.0	100.0	2
INV_17_17834855_17834903_42_106_41_164_163_22	17	17834855	17834903	INV	0.0	0.0	100.0	2
INV_17_18480886_18481116_146_135_187_85_22_137	17	18480886	18481116	INV	0.0	0.0	100.0	2
INV_17_25080042_25086406_25_101_138_20_128_151	17	25080042	25086406	INV	0.0	0.0	100.0	2
INV_17_29499547_29500062_24_86_174_5_22_3	17	29499547	29500062	INV	0.0	0.0	100.0	2
INV_17_34604490_34604529_143_117_101_174_75_135	17	34604490	34604529	INV	0.0	0.0	100.0	2
INV_17_36892158_36892428_118_71_51_139_162_144	17	36892158	36892428	INV	0.0	0.0	100.0	2
INV_17_36893404_36893510_198_136_140_4_5_31	17	36893404	36893510	INV	0.0	0.0	100.0	2
INV_17_61962200_61962444_193_118_199_119_37_60	17	61962200	61962444	INV	0.0	0.0	100.0	2
INV_17_7106664_7106867_124_141_175_19_155_102	17	7106664	7106867	INV	0.0	0.0	100.0	2
INV_18_11057363_11059094_127_197_55_202_136_59	18	11057363	11059094	INV	0.0	0.0	100.0	2
INV_18_11804879_11805230_204_22_69_57_36_198	18	11804879	11805230	INV	0.0	0.0	100.0	2
INV_18_14986835_14987316_151_194_148_105_182_40	18	14986835	14987316	INV	0.0	0.0	100.0	2
INV_18_30489461_30489513_178_75_195_2_145_45	18	30489461	30489513	INV	0.0	0.0	100.0	2
INV_18_41245638_41246149_137_40_22_116_135_166	18	41245638	41246149	INV	0.0	0.0	100.0	2
INV_18_41972665_41973123_205_135_67_191_107_3	18	41972665	41973123	INV	0.0	0.0	100.0	2
INV_18_4507655_4507941_145_99_133_40_95_41	18	4507655	4507941	INV	0.0	0.0	100.0	2
INV_18_4666415_4666835_184_186_77_5_189_22	18	4666415	4666835	INV	0.0	0.0	100.0	2
INV_18_50431998_50432623_168_63_169_49_58_5	18	50431998	50432623	INV	0.0	0.0	100.0	2
INV_18_52149833_52150287_25_168_184_26_77_114	18	52149833	52150287	INV	0.0	0.0	100.0	2
INV_18_6975845_6975885_98_200_205_133_41_95	18	6975845	6975885	INV	0.0	0.0	100.0	2
INV_19_11937098_11938055_65_204_12_55_194_84	19	11937098	11938055	INV	0.0	0.0	100.0	2
INV_19_11937128_11938056_61_168_143_55_140_190	19	11937128	11938056	INV	0.0	0.0	100.0	2
INV_19_11937445_11938062_74_211_66_57_89_146	19	11937445	11938062	INV	0.0	0.0	100.0	2
INV_19_11937896_11938049_207_182_203_156_37_206	19	11937896	11938049	INV	0.0	0.0	100.0	2
INV_19_11976525_11982966_5_46_92_83_145_132	19	11976525	11982966	INV	0.0	0.0	100.0	2
INV_19_12837402_12837639_46_19_150_69_99_48	19	12837402	12837639	INV	0.0	0.0	100.0	2
INV_19_27606229_27606382_133_83_20_46_3_58	19	27606229	27606382	INV	0.0	0.0	100.0	2
INV_19_29331943_29333412_208_157_110_116_97_195	19	29331943	29333412	INV	0.0	0.0	100.0	2
INV_19_33803551_33803589_181_139_97_70_44_110	19	33803551	33803589	INV	0.0	0.0	100.0	2
INV_19_35586803_35586848_41_175_204_187_99_102	19	35586803	35586848	INV	0.0	0.0	100.0	2
INV_19_36123549_36125140_177_0_84_136_148_192	19	36123549	36125140	INV	0.0	0.0	100.0	2
INV_19_44731285_44731334_181_200_189_120_145_60	19	44731285	44731334	INV	0.0	0.0	100.0	2
INV_1_102304401_102304587_128_99_54_25_43_136	1	102304401	102304587	INV	0.0	0.0	100.0	2
INV_1_105238786_105279498_40_100_151_112_127_3	1	105238786	105279498	INV	0.0	0.0	100.0	2
INV_1_106497890_106498242_2_18_50_33_146_63	1	106497890	106498242	INV	0.0	0.0	100.0	2
INV_1_107588385_107588773_0_13_65_161_174_207	1	107588385	107588773	INV	0.0	0.0	100.0	2
INV_1_112733550_112733939_57_18_142_16_174_34	1	112733550	112733939	INV	0.0	0.0	100.0	2
INV_1_112948860_112948911_182_48_92_177_167_19	1	112948860	112948911	INV	0.0	0.0	100.0	2
INV_1_113441906_113442807_118_148_132_88_80_203	1	113441906	113442807	INV	0.0	0.0	100.0	2
INV_1_113773420_113773684_53_209_5_72_48_47	1	113773420	113773684	INV	0.0	0.0	100.0	2
INV_1_23621923_23621965_179_206_124_25_191_58	1	23621923	23621965	INV	0.0	0.0	100.0	2
INV_1_25002541_25002748_145_114_156_80_101_32	1	25002541	25002748	INV	0.0	0.0	100.0	2
INV_1_38785954_38786585_163_65_52_159_63_146	1	38785954	38786585	INV	0.0	0.0	100.0	2
INV_1_43695676_43696590_174_10_160_124_51_150	1	43695676	43696590	INV	0.0	0.0	100.0	2
INV_1_43696272_43697467_32_169_194_44_182_5	1	43696272	43697467	INV	0.0	0.0	100.0	2
INV_1_65099802_65106424_46_117_142_105_13_200	1	65099802	65106424	INV	0.0	0.0	100.0	2
INV_1_87551459_87554339_56_18_162_15_68_133	1	87551459	87554339	INV	0.0	0.0	100.0	2
INV_1_95386688_95387344_116_98_7_117_20_81	1	95386688	95387344	INV	0.0	0.0	100.0	2
INV_20_14792626_14798043_46_90_140_207_197_98	20	14792626	14798043	INV	0.0	0.0	100.0	2
INV_20_17233091_17239693_149_196_111_116_81_13	20	17233091	17239693	INV	0.0	0.0	100.0	2
INV_20_33713393_33713427_125_43_6_118_5_102	20	33713393	33713427	INV	0.0	0.0	100.0	2
INV_20_384234_385853_59_123_191_88_110_182	20	384234	385853	INV	0.0	0.0	100.0	2
INV_20_384468_385928_57_3_15_126_44_72	20	384468	385928	INV	0.0	0.0	100.0	2
INV_20_384568_385999_40_158_83_187_204_178	20	384568	385999	INV	0.0	0.0	100.0	2
INV_20_54206429_54206488_151_3_34_156_172_194	20	54206429	54206488	INV	0.0	0.0	100.0	2
INV_20_764505_764902_40_60_192_44_43_99	20	764505	764902	INV	0.0	0.0	100.0	2
INV_21_28931132_28931190_100_42_108_161_128_154	21	28931132	28931190	INV	0.0	0.0	100.0	2
INV_21_3073389_3074013_143_205_197_182_125_201	21	3073389	3074013	INV	0.0	0.0	100.0	2
INV_21_38757548_38759607_18_166_64_122_9_99	21	38757548	38759607	INV	0.0	0.0	100.0	2
INV_21_48070759_48071004_135_152_208_87_20_116	21	48070759	48071004	INV	0.0	0.0	100.0	2
INV_21_48070759_48071335_170_168_177_33_63_45	21	48070759	48071335	INV	0.0	0.0	100.0	2
INV_22_12322787_12322889_43_39_16_62_40_63	22	12322787	12322889	INV	0.0	0.0	100.0	2
INV_22_13417092_13417672_5_154_163_190_62_25	22	13417092	13417672	INV	0.0	0.0	100.0	2
INV_22_15119548_15122767_195_18_181_66_73_203	22	15119548	15122767	INV	0.0	0.0	100.0	2
INV_22_20010350_20010523_175_164_122_97_46_14	22	20010350	20010523	INV	0.0	0.0	100.0	2
INV_22_20718023_20719478_63_126_88_97_19_193	22	20718023	20719478	INV	0.0	0.0	100.0	2
INV_22_28430303_28432161_148_129_184_45_35_73	22	28430303	28432161	INV	0.0	0.0	100.0	2
INV_22_32961627_32962963_146_71_40_210_186_66	22	32961627	32962963	INV	0.0	0.0	100.0	2
INV_22_43018833_43019111_32_5_91_90_66_33	22	43018833	43019111	INV	0.0	0.0	100.0	2
INV_22_46701995_46703204_189_68_77_10_134_121	22	46701995	46703204	INV	0.0	0.0	100.0	2
INV_22_54366357_54366823_60_207_32_38_41_40	22	54366357	54366823	INV	0.0	0.0	100.0	2
INV_22_56889078_56890259_122_174_186_149_14_139	22	56889078	56890259	INV	0.0	0.0	100.0	2
INV_22_59147402_59147576_18_68_145_149_6_152	22	59147402	59147576	INV	0.0	0.0	100.0	2
INV_22_7298183_7298600_175_108_111_96_125_71	22	7298183	7298600	INV	0.0	0.0	100.0	2
INV_22_8715121_8715469_107_187_140_122_77_49	22	8715121	8715469	INV	0.0	0.0	100.0	2
INV_23_28023504_28023785_93_69_7_189_122_167	23	28023504	28023785	INV	0.0	0.0	100.0	2
INV_23_35050165_35050398_127_152_46_164_113_159	23	35050165	35050398	INV	0.0	0.0	100.0	2
INV_23_35299242_35299360_207_33_174_49_72_114	23	35299242	35299360	INV	0.0	0.0	100.0	2
INV_23_39392527_39392575_53_136_99_173_207_149	23	39392527	39392575	INV	0.0	0.0	100.0	2
INV_23_43950423_43950698_56_201_35_44_121_68	23	43950423	43950698	INV	0.0	0.0	100.0	2
INV_23_47250707_47250827_70_192_166_67_30_181	23	47250707	47250827	INV	0.0	0.0	100.0	2
INV_24_12509877_12510761_117_106_109_34_174_160	24	12509877	12510761	INV	0.0	0.0	100.0	2
INV_24_20269699_20270092_171_27_179_44_159_22	24	20269699	20270092	INV	0.0	0.0	100.0	2
INV_24_20339800_20340048_67_19_211_119_180_17	24	20339800	20340048	INV	0.0	0.0	100.0	2
INV_24_25351728_25352114_13_30_154_89_187_200	24	25351728	25352114	INV	0.0	0.0	100.0	2
INV_24_28988583_28994083_5_109_210_186_101_52	24	28988583	28994083	INV	0.0	0.0	100.0	2
INV_24_29670565_29670808_183_46_198_94_145_158	24	29670565	29670808	INV	0.0	0.0	100.0	2
INV_24_32821723_32822236_32_33_165_159_188_172	24	32821723	32822236	INV	0.0	0.0	100.0	2
INV_24_38507675_38509383_205_197_19_149_119_83	24	38507675	38509383	INV	0.0	0.0	100.0	2
INV_24_38557196_38557261_103_99_5_104_190_134	24	38557196	38557261	INV	0.0	0.0	100.0	2
INV_24_46611962_46612262_150_105_123_167_140_43	24	46611962	46612262	INV	0.0	0.0	100.0	2
INV_24_5909450_5909711_207_30_34_200_175_99	24	5909450	5909711	INV	0.0	0.0	100.0	2
INV_25_19116448_19117331_114_132_78_181_121_197	25	19116448	19117331	INV	0.0	0.0	100.0	2
INV_25_26218800_26219137_204_42_57_32_155_192	25	26218800	26219137	INV	0.0	0.0	100.0	2
INV_25_27454407_27455737_60_184_199_108_71_12	25	27454407	27455737	INV	0.0	0.0	100.0	2
INV_25_30879508_30880544_139_53_10_92_148_152	25	30879508	30880544	INV	0.0	0.0	100.0	2
INV_25_37131647_37132325_70_11_79_172_201_144	25	37131647	37132325	INV	0.0	0.0	100.0	2
INV_25_37131650_37132914_192_157_38_51_105_133	25	37131650	37132914	INV	0.0	0.0	100.0	2
INV_25_37131668_37131824_112_9_125_122_105_201	25	37131668	37131824	INV	0.0	0.0	100.0	2
INV_25_40357661_40358437_209_0_102_98_168_139	25	40357661	40358437	INV	0.0	0.0	100.0	2
INV_25_40358407_40358691_111_208_130_171_161_184	25	40358407	40358691	INV	0.0	0.0	100.0	2
INV_25_5979662_5980046_207_99_88_4_197_71	25	5979662	5980046	INV	0.0	0.0	100.0	2
INV_26_10305577_10305847_206_56_91_154_16_41	26	10305577	10305847	INV	0.0	0.0	100.0	2
INV_26_16638465_16638983_34_204_186_44_155_164	26	16638465	16638983	INV	0.0	0.0	100.0	2
INV_26_25578280_25579313_109_159_85_139_80_103	26	25578280	25579313	INV	0.0	0.0	100.0	2
INV_26_26494787_26495415_57_138_82_83_174_145	26	26494787	26495415	INV	0.0	0.0	100.0	2
INV_26_27170160_27182138_195_138_200_123_161_131	26	27170160	27182138	INV	0.0	0.0	100.0	2
INV_26_30585386_30585535_41_143_95_165_181_47	26	30585386	30585535	INV	0.0	0.0	100.0	2
INV_26_32167275_32169926_32_33_118_70_204_191	26	32167275	32169926	INV	0.0	0.0	100.0	2
INV_26_32682799_32683057_139_67_5_27_70_145	26	32682799	32683057	INV	0.0	0.0	100.0	2
INV_26_7364002_7364411_183_57_3_60_156_95	26	7364002	7364411	INV	0.0	0.0	100.0	2
INV_27_16380321_16380531_209_112_64_189_23_35	27	16380321	16380531	INV	0.0	0.0	100.0	2
INV_27_16982229_16982522_2_173_202_55_159_0	27	16982229	16982522	INV	0.0	0.0	100.0	2
INV_27_19672835_19673545_194_94_188_49_97_118	27	19672835	19673545	INV	0.0	0.0	100.0	2
INV_27_19766025_19766427_200_129_136_179_84_110	27	19766025	19766427	INV	0.0	0.0	100.0	2
INV_27_26866513_26866559_82_178_31_79_104_129	27	26866513	26866559	INV	0.0	0.0	100.0	2
INV_27_36220625_36220939_202_134_181_152_169_7	27	36220625	36220939	INV	0.0	0.0	100.0	2
INV_27_37237625_37237933_79_43_47_8_22_169	27	37237625	37237933	INV	0.0	0.0	100.0	2
INV_28_10160954_10161211_165_52_76_4_197_169	28	10160954	10161211	INV	0.0	0.0	100.0	2
INV_28_10167042_10167291_107_81_92_11_175_61	28	10167042	10167291	INV	0.0	0.0	100.0	2
INV_28_4703539_6821232_67_30_101_4_0_9	28	4703539	6821232	INV	0.0	0.0	100.0	2
INV_29_12837344_12837988_19_58_176_56_75_192	29	12837344	12837988	INV	0.0	0.0	100.0	2
INV_29_13540355_13540687_115_96_173_76_151_80	29	13540355	13540687	INV	0.0	0.0	100.0	2
INV_29_1574900_1575414_34_76_114_129_5_70	29	1574900	1575414	INV	0.0	0.0	100.0	2
INV_29_16648924_16649123_92_6_31_28_195_86	29	16648924	16649123	INV	0.0	0.0	100.0	2
INV_29_27929561_27929753_206_170_177_68_40_4	29	27929561	27929753	INV	0.0	0.0	100.0	2
INV_29_27929700_27929781_118_132_37_58_135_158	29	27929700	27929781	INV	0.0	0.0	100.0	2
INV_29_28019766_28020116_157_102_20_184_121_30	29	28019766	28020116	INV	0.0	0.0	100.0	2
INV_29_30550966_30552483_13_132_202_52_145_180	29	30550966	30552483	INV	0.0	0.0	100.0	2
INV_29_33199505_33203857_186_93_157_75_200_13	29	33199505	33203857	INV	0.0	0.0	100.0	2
INV_29_40645464_40645815_99_96_8_20_136_131	29	40645464	40645815	INV	0.0	0.0	100.0	2
INV_29_5308587_5309130_149_47_176_186_192_40	29	5308587	5309130	INV	0.0	0.0	100.0	2
INV_2_15255328_15255837_24_141_109_144_48_173	2	15255328	15255837	INV	0.0	0.0	100.0	2
INV_2_21007380_21007426_164_118_17_201_22_62	2	21007380	21007426	INV	0.0	0.0	100.0	2
INV_2_26921362_26921814_60_94_118_172_46_51	2	26921362	26921814	INV	0.0	0.0	100.0	2
INV_2_44902577_44909006_53_109_139_67_85_34	2	44902577	44909006	INV	0.0	0.0	100.0	2
INV_2_50178077_50179401_197_105_96_119_40_16	2	50178077	50179401	INV	0.0	0.0	100.0	2
INV_2_53270212_53270251_140_210_134_44_114_51	2	53270212	53270251	INV	0.0	0.0	100.0	2
INV_2_65671892_65672481_40_2_188_26_44_155	2	65671892	65672481	INV	0.0	0.0	100.0	2
INV_2_72974763_72981597_177_28_204_109_149_113	2	72974763	72981597	INV	0.0	0.0	100.0	2
INV_2_73263149_73263366_103_119_73_181_16_209	2	73263149	73263366	INV	0.0	0.0	100.0	2
INV_2_73772819_73773107_35_151_58_65_120_173	2	73772819	73773107	INV	0.0	0.0	100.0	2
INV_2_79170102_79170503_71_121_77_67_96_135	2	79170102	79170503	INV	0.0	0.0	100.0	2
INV_2_92738_233234_201_152_118_41_66_33	2	92738	233234	INV	0.0	0.0	100.0	2
INV_2_92860_232623_207_201_20_114_97_96	2	92860	232623	INV	0.0	0.0	100.0	2
INV_30_12505618_12505658_102_53_17_47_39_180	30	12505618	12505658	INV	0.0	0.0	100.0	2
INV_30_12803989_12804916_56_184_10_209_125_51	30	12803989	12804916	INV	0.0	0.0	100.0	2
INV_30_29664843_29665144_45_160_210_184_55_177	30	29664843	29665144	INV	0.0	0.0	100.0	2
INV_31_17992385_17992424_128_109_103_92_120_211	31	17992385	17992424	INV	0.0	0.0	100.0	2
INV_31_21359041_21359343_1_201_57_67_129_41	31	21359041	21359343	INV	0.0	0.0	100.0	2
INV_31_3635945_3638876_104_197_47_150_78_65	31	3635945	3638876	INV	0.0	0.0	100.0	2
INV_31_38298853_38386032_5_168_169_174_53_21	31	38298853	38386032	INV	0.0	0.0	100.0	2
INV_31_4328616_4344090_175_98_99_58_192_12	31	4328616	4344090	INV	0.0	0.0	100.0	2
INV_31_4783557_4783624_57_87_136_5_60_140	31	4783557	4783624	INV	0.0	0.0	100.0	2
INV_32_1077371_1077618_33_140_123_107_49_101	32	1077371	1077618	INV	0.0	0.0	100.0	2
INV_32_12269394_12271533_25_140_60_98_162_166	32	12269394	12271533	INV	0.0	0.0	100.0	2
INV_32_33641560_33647827_138_40_158_88_46_127	32	33641560	33647827	INV	0.0	0.0	100.0	2
INV_32_38771524_38777836_53_117_24_67_174_13	32	38771524	38777836	INV	0.0	0.0	100.0	2
INV_32_9102698_9102735_208_71_35_92_76_207	32	9102698	9102735	INV	0.0	0.0	100.0	2
INV_33_10561708_10561833_158_187_156_183_176_136	33	10561708	10561833	INV	0.0	0.0	100.0	2
INV_33_20030988_20031553_16_158_2_183_28_202	33	20030988	20031553	INV	0.0	0.0	100.0	2
INV_33_2264144_2264292_94_119_82_109_0_205	33	2264144	2264292	INV	0.0	0.0	100.0	2
INV_33_2264178_2264689_6_122_89_96_30_127	33	2264178	2264689	INV	0.0	0.0	100.0	2
INV_33_2264181_2265173_40_84_196_54_173_145	33	2264181	2265173	INV	0.0	0.0	100.0	2
INV_33_2264189_2264302_40_41_101_4_147_175	33	2264189	2264302	INV	0.0	0.0	100.0	2
INV_33_25710571_25710608_98_158_130_136_30_181	33	25710571	25710608	INV	0.0	0.0	100.0	2
INV_33_8247902_8247938_1_152_149_154_31_92	33	8247902	8247938	INV	0.0	0.0	100.0	2
INV_33_9052697_9053384_193_209_67_111_201_88	33	9052697	9053384	INV	0.0	0.0	100.0	2
INV_34_12146714_12368178_206_157_107_180_37_159	34	12146714	12368178	INV	0.0	0.0	100.0	2
INV_34_12281124_12288593_45_72_11_137_205_121	34	12281124	12288593	INV	0.0	0.0	100.0	2
INV_34_12310128_12352207_149_197_103_46_206_117	34	12310128	12352207	INV	0.0	0.0	100.0	2
INV_34_12310508_12352039_39_176_117_196_96_190	34	12310508	12352039	INV	0.0	0.0	100.0	2
INV_34_13208258_15753250_186_23_119_38_209_140	34	13208258	15753250	INV	0.0	0.0	100.0	2
INV_34_29237084_29237402_77_13_115_208_148_68	34	29237084	29237402	INV	0.0	0.0	100.0	2
INV_34_29634177_29634230_100_195_163_69_6_113	34	29634177	29634230	INV	0.0	0.0	100.0	2
INV_34_30577699_30578225_147_91_178_94_16_140	34	30577699	30578225	INV	0.0	0.0	100.0	2
INV_34_34733873_34734189_209_1_116_95_152_99	34	34733873	34734189	INV	0.0	0.0	100.0	2
INV_34_36670150_36670463_68_184_141_76_22_97	34	36670150	36670463	INV	0.0	0.0	100.0	2
INV_34_40567159_40568340_102_91_124_208_30_21	34	40567159	40568340	INV	0.0	0.0	100.0	2
INV_35_10429096_10429133_117_168_140_111_89_10	35	10429096	10429133	INV	0.0	0.0	100.0	2
INV_35_25261396_25262021_77_81_162_128_116_3	35	25261396	25262021	INV	0.0	0.0	100.0	2
INV_35_25816035_25817469_144_102_125_156_121_127	35	25816035	25817469	INV	0.0	0.0	100.0	2
INV_35_26464084_26464565_174_103_108_26_41_95	35	26464084	26464565	INV	0.0	0.0	100.0	2
INV_35_26464281_26465350_37_118_95_18_151_20	35	26464281	26465350	INV	0.0	0.0	100.0	2
INV_35_26464323_26465197_24_63_202_113_43_20	35	26464323	26465197	INV	0.0	0.0	100.0	2
INV_36_11521417_11526293_7_167_41_66_103_49	36	11521417	11526293	INV	0.0	0.0	100.0	2
INV_36_12870262_12870295_17_54_59_208_49_124	36	12870262	12870295	INV	0.0	0.0	100.0	2
INV_36_18835781_18835821_126_61_45_156_23_172	36	18835781	18835821	INV	0.0	0.0	100.0	2
INV_36_28797799_28798153_146_3_16_78_156_79	36	28797799	28798153	INV	0.0	0.0	100.0	2
INV_36_506960_507559_138_5_6_139_197_40	36	506960	507559	INV	0.0	0.0	100.0	2
INV_36_8447310_8447440_78_57_46_79_83_183	36	8447310	8447440	INV	0.0	0.0	100.0	2
INV_37_14808828_14809510_73_171_192_96_174_12	37	14808828	14809510	INV	0.0	0.0	100.0	2
INV_37_16027653_16027701_111_198_29_112_42_195	37	16027653	16027701	INV	0.0	0.0	100.0	2
INV_37_4198450_4204784_180_147_185_92_132_78	37	4198450	4204784	INV	0.0	0.0	100.0	2
INV_38_17722335_17722994_148_40_83_60_103_93	38	17722335	17722994	INV	0.0	0.0	100.0	2
INV_38_17722522_17722579_137_206_155_143_188_93	38	17722522	17722579	INV	0.0	0.0	100.0	2
INV_38_20794184_20794423_40_79_141_114_133_167	38	20794184	20794423	INV	0.0	0.0	100.0	2
INV_38_21922731_21923133_151_85_146_19_46_13	38	21922731	21923133	INV	0.0	0.0	100.0	2
INV_38_22504048_22504650_146_87_54_88_39_194	38	22504048	22504650	INV	0.0	0.0	100.0	2
INV_3_22816509_22820293_37_52_138_172_83_24	3	22816509	22820293	INV	0.0	0.0	100.0	2
INV_3_23927019_23929262_177_204_107_178_207_0	3	23927019	23929262	INV	0.0	0.0	100.0	2
INV_3_27752916_27753411_38_208_111_45_7_192	3	27752916	27753411	INV	0.0	0.0	100.0	2
INV_3_32692765_32693026_84_8_110_184_121_174	3	32692765	32693026	INV	0.0	0.0	100.0	2
INV_3_33639442_33639500_143_173_111_202_152_176	3	33639442	33639500	INV	0.0	0.0	100.0	2
INV_3_40661324_40662483_98_89_40_27_60_171	3	40661324	40662483	INV	0.0	0.0	100.0	2
INV_3_47315735_47316383_149_120_25_169_63_137	3	47315735	47316383	INV	0.0	0.0	100.0	2
INV_3_48251093_48251270_197_30_151_107_204_95	3	48251093	48251270	INV	0.0	0.0	100.0	2
INV_3_55522348_55522868_140_205_111_196_48_160	3	55522348	55522868	INV	0.0	0.0	100.0	2
INV_3_56250911_56257272_200_1_167_15_188_13	3	56250911	56257272	INV	0.0	0.0	100.0	2
INV_3_63766236_63766473_1_44_101_7_77_75	3	63766236	63766473	INV	0.0	0.0	100.0	2
INV_3_74972254_74972426_106_74_174_5_22_51	3	74972254	74972426	INV	0.0	0.0	100.0	2
INV_3_75889910_75892081_27_97_18_125_44_183	3	75889910	75892081	INV	0.0	0.0	100.0	2
INV_3_77511593_77511666_150_48_99_189_35_127	3	77511593	77511666	INV	0.0	0.0	100.0	2
INV_3_81967861_81968529_5_168_13_161_152_207	3	81967861	81968529	INV	0.0	0.0	100.0	2
INV_4_15841480_15841536_54_186_72_102_49_87	4	15841480	15841536	INV	0.0	0.0	100.0	2
INV_4_19148070_19149220_55_143_27_57_22_107	4	19148070	19149220	INV	0.0	0.0	100.0	2
INV_4_32334608_32334644_3_204_140_163_69_130	4	32334608	32334644	INV	0.0	0.0	100.0	2
INV_4_34094584_34096344_188_154_11_14_121_155	4	34094584	34096344	INV	0.0	0.0	100.0	2
INV_4_38339252_38345582_202_151_22_196_10_0	4	38339252	38345582	INV	0.0	0.0	100.0	2
INV_4_45863115_45863327_146_174_11_169_156_200	4	45863115	45863327	INV	0.0	0.0	100.0	2
INV_4_54263431_54264162_110_62_111_194_109_82	4	54263431	54264162	INV	0.0	0.0	100.0	2
INV_4_54352606_54359018_23_201_92_154_62_196	4	54352606	54359018	INV	0.0	0.0	100.0	2
INV_4_62613775_62619815_184_60_206_196_41_40	4	62613775	62619815	INV	0.0	0.0	100.0	2
INV_4_67372771_67372810_122_98_196_140_124_96	4	67372771	67372810	INV	0.0	0.0	100.0	2
INV_4_69624961_69625614_27_108_138_48_176_152	4	69624961	69625614	INV	0.0	0.0	100.0	2
INV_4_74575794_74582903_29_211_210_121_188_197	4	74575794	74582903	INV	0.0	0.0	100.0	2
INV_4_77711974_77712508_200_207_149_47_183_60	4	77711974	77712508	INV	0.0	0.0	100.0	2
INV_4_7947753_7947997_207_95_179_75_11_192	4	7947753	7947997	INV	0.0	0.0	100.0	2
INV_4_79551464_79554889_198_167_23_15_207_115	4	79551464	79554889	INV	0.0	0.0	100.0	2
INV_4_79793691_79793747_68_64_15_134_92_40	4	79793691	79793747	INV	0.0	0.0	100.0	2
INV_4_81756106_81762500_144_38_12_49_114_157	4	81756106	81762500	INV	0.0	0.0	100.0	2
INV_4_83842591_83843158_146_155_122_119_197_24	4	83842591	83843158	INV	0.0	0.0	100.0	2
INV_5_25951143_25957730_19_114_67_80_78_51	5	25951143	25957730	INV	0.0	0.0	100.0	2
INV_5_38895533_38895770_76_172_180_86_169_50	5	38895533	38895770	INV	0.0	0.0	100.0	2
INV_5_45258756_45261037_199_89_49_157_74_163	5	45258756	45261037	INV	0.0	0.0	100.0	2
INV_5_53578532_53578564_127_11_38_183_112_63	5	53578532	53578564	INV	0.0	0.0	100.0	2
INV_5_55713190_55714959_128_32_178_6_171_167	5	55713190	55714959	INV	0.0	0.0	100.0	2
INV_5_80715690_80716967_66_37_152_177_70_127	5	80715690	80716967	INV	0.0	0.0	100.0	2
INV_5_82882235_82884498_114_125_176_139_186_79	5	82882235	82884498	INV	0.0	0.0	100.0	2
INV_5_8359791_8360670_27_47_44_56_208_101	5	8359791	8360670	INV	0.0	0.0	100.0	2
INV_5_8359793_8360857_160_2_178_4_206_143	5	8359793	8360857	INV	0.0	0.0	100.0	2
INV_5_86651109_86652233_74_94_2_22_100_63	5	86651109	86652233	INV	0.0	0.0	100.0	2
INV_6_1784613_1786789_90_44_45_3_178_138	6	1784613	1786789	INV	0.0	0.0	100.0	2
INV_6_18467944_18468180_141_89_9_78_194_152	6	18467944	18468180	INV	0.0	0.0	100.0	2
INV_6_21215996_21216608_142_197_172_199_52_55	6	21215996	21216608	INV	0.0	0.0	100.0	2
INV_6_22387501_22387634_170_144_129_186_161_141	6	22387501	22387634	INV	0.0	0.0	100.0	2
INV_6_23648474_23648737_118_50_51_172_151_11	6	23648474	23648737	INV	0.0	0.0	100.0	2
INV_6_31074972_31075286_145_192_40_51_96_110	6	31074972	31075286	INV	0.0	0.0	100.0	2
INV_6_38327903_38339483_159_48_143_140_57_69	6	38327903	38339483	INV	0.0	0.0	100.0	2
INV_6_75732297_75732515_2_31_45_93_136_14	6	75732297	75732515	INV	0.0	0.0	100.0	2
INV_6_8810064_8812278_121_66_169_51_58_137	6	8810064	8812278	INV	0.0	0.0	100.0	2
INV_7_47380394_47380721_15_65_181_179_135_142	7	47380394	47380721	INV	0.0	0.0	100.0	2
INV_7_47781183_47781488_166_10_125_5_49_124	7	47781183	47781488	INV	0.0	0.0	100.0	2
INV_7_56034584_56035223_81_85_42_123_127_115	7	56034584	56035223	INV	0.0	0.0	100.0	2
INV_7_59535914_59536995_61_1_96_174_207_50	7	59535914	59536995	INV	0.0	0.0	100.0	2
INV_7_59838900_59839935_105_200_94_208_195_80	7	59838900	59839935	INV	0.0	0.0	100.0	2
INV_7_65298164_65298446_24_149_178_121_117_36	7	65298164	65298446	INV	0.0	0.0	100.0	2
INV_7_70217933_70219035_62_126_78_133_70_154	7	70217933	70219035	INV	0.0	0.0	100.0	2
INV_7_72515265_72521549_122_197_86_113_12_63	7	72515265	72521549	INV	0.0	0.0	100.0	2
INV_7_78758680_78760648_5_40_167_123_111_60	7	78758680	78760648	INV	0.0	0.0	100.0	2
INV_7_79260619_79263021_179_131_92_143_192_0	7	79260619	79263021	INV	0.0	0.0	100.0	2
INV_8_18128557_18129268_198_131_82_177_20_112	8	18128557	18129268	INV	0.0	0.0	100.0	2
INV_8_26352254_26352554_27_138_165_143_152_74	8	26352254	26352554	INV	0.0	0.0	100.0	2
INV_8_45093643_45094984_121_58_64_156_42_87	8	45093643	45094984	INV	0.0	0.0	100.0	2
INV_8_5294720_8073667_25_197_192_64_175_165	8	5294720	8073667	INV	0.0	0.0	100.0	2
INV_8_66198056_66198289_66_76_45_193_60_183	8	66198056	66198289	INV	0.0	0.0	100.0	2
INV_8_72360190_72361142_82_36_140_132_156_122	8	72360190	72361142	INV	0.0	0.0	100.0	2
INV_8_74154717_74161115_33_106_191_55_9_45	8	74154717	74161115	INV	0.0	0.0	100.0	2
INV_9_13945254_13945295_210_8_132_77_43_180	9	13945254	13945295	INV	0.0	0.0	100.0	2
INV_9_1411569_1411992_30_206_6_190_26_71	9	1411569	1411992	INV	0.0	0.0	100.0	2
INV_9_29297826_29298120_102_110_149_40_82_168	9	29297826	29298120	INV	0.0	0.0	100.0	2
INV_9_58895882_58896585_101_4_210_25_152_5	9	58895882	58896585	INV	0.0	0.0	100.0	2
INV_10_17097602_17098049_61_139_105_66_67_97	10	17097602	17098049	INV	0.0	0.0	100.0	1
INV_10_23277380_23279262_13_64_99_173_150_25	10	23277380	23279262	INV	0.0	0.0	100.0	1
INV_10_23277523_23279243_154_79_182_163_59_23	10	23277523	23279243	INV	0.0	0.0	100.0	1
INV_11_31468909_31469736_185_129_206_182_148_158	11	31468909	31469736	INV	0.0	0.0	100.0	1
INV_11_42787732_42788105_177_118_135_61_142_179	11	42787732	42788105	INV	0.0	0.0	100.0	1
INV_11_4786285_21149075_87_193_125_28_188_86	11	4786285	21149075	INV	0.0	0.0	100.0	1
INV_11_68177004_68177455_122_36_126_70_13_174	11	68177004	68177455	INV	0.0	0.0	100.0	1
INV_12_17532035_17532587_178_35_127_168_173_191	12	17532035	17532587	INV	0.0	0.0	100.0	1
INV_12_30349559_30349627_20_210_166_28_203_176	12	30349559	30349627	INV	0.0	0.0	100.0	1
INV_12_49935151_49936578_79_149_124_143_147_83	12	49935151	49936578	INV	0.0	0.0	100.0	1
INV_12_49935153_49936038_142_61_71_183_110_51	12	49935153	49936038	INV	0.0	0.0	100.0	1
INV_12_70377717_70378946_161_102_196_80_44_48	12	70377717	70378946	INV	0.0	0.0	100.0	1
INV_13_18872075_18872109_187_41_143_179_125_177	13	18872075	18872109	INV	0.0	0.0	100.0	1
INV_13_62345363_62345754_112_8_186_7_30_99	13	62345363	62345754	INV	0.0	0.0	100.0	1
INV_14_23717025_23717060_144_37_125_68_141_25	14	23717025	23717060	INV	0.0	0.0	100.0	1
INV_17_25080042_25086406_25_101_138_20_128_151	17	25080042	25086406	INV	0.0	0.0	100.0	1
INV_17_29499547_29500062_24_86_174_5_22_3	17	29499547	29500062	INV	0.0	0.0	100.0	1
INV_17_57373642_57378966_115_51_133_94_170_61	17	57373642	57378966	INV	0.0	0.0	100.0	1
INV_17_58908827_58909274_85_197_90_91_59_173	17	58908827	58909274	INV	0.0	0.0	100.0	1
INV_18_25456600_25491732_3_10_139_54_101_135	18	25456600	25491732	INV	0.0	0.0	100.0	1
INV_18_29962411_29962454_81_194_138_31_0_72	18	29962411	29962454	INV	0.0	0.0	100.0	1
INV_1_122436218_122439824_79_202_26_123_200_104	1	122436218	122439824	INV	0.0	0.0	100.0	1
INV_1_4073094_90239538_152_86_175_14_194_190	1	4073094	90239538	INV	0.0	0.0	100.0	1
INV_20_764198_764931_184_6_30_155_15_140	20	764198	764931	INV	0.0	0.0	100.0	1
INV_21_7542026_7542245_191_152_203_122_204_140	21	7542026	7542245	INV	0.0	0.0	100.0	1
INV_22_14917884_14918435_124_87_75_50_31_19	22	14917884	14918435	INV	0.0	0.0	100.0	1
INV_23_15848265_15848470_108_56_184_125_186_25	23	15848265	15848470	INV	0.0	0.0	100.0	1
INV_23_35050165_35050398_127_152_46_164_113_159	23	35050165	35050398	INV	0.0	0.0	100.0	1
INV_23_40885953_40886977_155_77_105_41_76_121	23	40885953	40886977	INV	0.0	0.0	100.0	1
INV_23_47250707_47250827_70_192_166_67_30_181	23	47250707	47250827	INV	0.0	0.0	100.0	1
INV_24_40946413_40947651_127_13_167_58_193_67	24	40946413	40947651	INV	0.0	0.0	100.0	1
INV_26_10305567_10306862_149_113_194_171_16_41	26	10305567	10306862	INV	0.0	0.0	100.0	1
INV_26_18738106_18739153_130_12_103_89_186_211	26	18738106	18739153	INV	0.0	0.0	100.0	1
INV_26_27170829_27181409_150_166_173_105_128_34	26	27170829	27181409	INV	0.0	0.0	100.0	1
INV_27_19673110_19674218_180_134_115_103_155_35	27	19673110	19674218	INV	0.0	0.0	100.0	1
INV_2_48241538_48241891_52_30_192_73_64_60	2	48241538	48241891	INV	0.0	0.0	100.0	1
INV_2_57848143_57855034_146_105_66_208_48_166	2	57848143	57855034	INV	0.0	0.0	100.0	1
INV_2_57848486_57854800_127_72_113_151_130_62	2	57848486	57854800	INV	0.0	0.0	100.0	1
INV_2_73263162_73263455_178_94_107_201_171_209	2	73263162	73263455	INV	0.0	0.0	100.0	1
INV_2_80891163_80891216_116_37_167_54_38_153	2	80891163	80891216	INV	0.0	0.0	100.0	1
INV_2_83178476_83179577_112_200_97_64_169_46	2	83178476	83179577	INV	0.0	0.0	100.0	1
INV_30_29413966_29414153_52_62_119_19_45_132	30	29413966	29414153	INV	0.0	0.0	100.0	1
INV_30_31998821_31998865_165_191_63_14_62_25	30	31998821	31998865	INV	0.0	0.0	100.0	1
INV_32_16423156_16423226_106_81_130_139_160_12	32	16423156	16423226	INV	0.0	0.0	100.0	1
INV_34_25252853_25253027_93_198_163_26_98_172	34	25252853	25253027	INV	0.0	0.0	100.0	1
INV_34_29237079_29237265_78_141_124_136_100_133	34	29237079	29237265	INV	0.0	0.0	100.0	1
INV_35_14411955_14411988_158_22_2_111_194_103	35	14411955	14411988	INV	0.0	0.0	100.0	1
INV_37_25394659_25395103_81_7_106_12_178_145	37	25394659	25395103	INV	0.0	0.0	100.0	1
INV_38_13711126_22125226_141_29_128_135_145_49	38	13711126	22125226	INV	0.0	0.0	100.0	1
INV_38_20832654_20835347_131_56_161_156_187_188	38	20832654	20835347	INV	0.0	0.0	100.0	1
INV_38_22504048_22504650_146_87_54_88_39_194	38	22504048	22504650	INV	0.0	0.0	100.0	1
INV_38_9831004_9831753_120_51_94_205_162_28	38	9831004	9831753	INV	0.0	0.0	100.0	1
INV_4_34218519_34218557_66_116_126_2_104_55	4	34218519	34218557	INV	0.0	0.0	100.0	1
INV_5_46020609_46021617_202_64_207_184_178_100	5	46020609	46021617	INV	0.0	0.0	100.0	1
INV_6_38327633_38339725_115_170_140_95_16_72	6	38327633	38339725	INV	0.0	0.0	100.0	1
INV_7_54362239_54363009_68_192_0_56_28_4	7	54362239	54363009	INV	0.0	0.0	100.0	1
INV_7_59838618_59839640_11_98_100_15_195_80	7	59838618	59839640	INV	0.0	0.0	100.0	1
INV_7_59838626_59839901_105_121_63_14_205_143	7	59838626	59839901	INV	0.0	0.0	100.0	1
INV_7_80690734_80691949_99_165_153_96_209_106	7	80690734	80691949	INV	0.0	0.0	100.0	1
INV_8_24889974_24890319_3_63_39_78_207_139	8	24889974	24890319	INV	0.0	0.0	100.0	1
INV_8_24890222_24890321_38_126_157_67_51_26	8	24890222	24890321	INV	0.0	0.0	100.0	1
INV_8_28501261_28503747_28_147_111_140_60_71	8	28501261	28503747	INV	0.0	0.0	100.0	1
