INV_10_17097594_17098492_49_196_153_178_150_66	10	17097594	17098492	INV	50.0	50.0	0.0	2
INV_10_17097602_17098049_61_139_105_66_67_97	10	17097602	17098049	INV	50.0	0.0	50.0	2
INV_10_23277127_23279491_131_3_70_65_97_166	10	23277127	23279491	INV	0.0	50.0	50.0	2
INV_10_23277150_23279270_79_145_115_149_73_101	10	23277150	23279270	INV	0.0	50.0	50.0	2
INV_10_23277380_23279262_13_64_99_173_150_25	10	23277380	23279262	INV	0.0	50.0	50.0	2
INV_10_23277477_23279270_30_170_184_190_96_86	10	23277477	23279270	INV	0.0	50.0	50.0	2
INV_10_23277523_23279243_154_79_182_163_59_23	10	23277523	23279243	INV	0.0	50.0	50.0	2
INV_10_30249028_30249075_142_20_157_75_70_146	10	30249028	30249075	INV	50.0	50.0	0.0	2
INV_10_35030899_35031852_106_167_26_154_183_186	10	35030899	35031852	INV	50.0	50.0	0.0	2
INV_10_46890460_46891066_198_156_131_199_207_128	10	46890460	46891066	INV	0.0	50.0	50.0	2
INV_10_46890638_46891068_108_94_27_172_197_128	10	46890638	46891068	INV	50.0	0.0	50.0	2
INV_11_27652064_27654452_37_143_193_9_167_72	11	27652064	27654452	INV	50.0	0.0	50.0	2
INV_11_31468909_31469736_185_129_206_182_148_158	11	31468909	31469736	INV	50.0	0.0	50.0	2
INV_11_32246943_32317384_5_191_153_129_184_60	11	32246943	32317384	INV	0.0	50.0	50.0	2
INV_11_42787732_42788105_177_118_135_61_142_179	11	42787732	42788105	INV	0.0	50.0	50.0	2
INV_11_4786285_21149075_87_193_125_28_188_86	11	4786285	21149075	INV	0.0	50.0	50.0	2
INV_11_57791126_57791209_54_12_137_72_46_157	11	57791126	57791209	INV	50.0	0.0	50.0	2
INV_11_68177004_68177455_122_36_126_70_13_174	11	68177004	68177455	INV	0.0	50.0	50.0	2
INV_12_17532035_17532587_178_35_127_168_173_191	12	17532035	17532587	INV	0.0	50.0	50.0	2
INV_12_30349559_30349627_20_210_166_28_203_176	12	30349559	30349627	INV	50.0	0.0	50.0	2
INV_12_38587285_38587538_204_89_131_95_13_205	12	38587285	38587538	INV	50.0	50.0	0.0	2
INV_12_49935151_49936578_79_149_124_143_147_83	12	49935151	49936578	INV	0.0	50.0	50.0	2
INV_12_49935153_49936038_142_61_71_183_110_51	12	49935153	49936038	INV	50.0	0.0	50.0	2
INV_12_70377717_70378946_161_102_196_80_44_48	12	70377717	70378946	INV	0.0	50.0	50.0	2
INV_13_11026432_11029136_178_21_29_4_68_91	13	11026432	11029136	INV	50.0	50.0	0.0	2
INV_13_18872075_18872109_187_41_143_179_125_177	13	18872075	18872109	INV	0.0	50.0	50.0	2
INV_13_34257060_34257137_174_38_115_180_130_201	13	34257060	34257137	INV	50.0	0.0	50.0	2
INV_13_54371660_54372115_3_99_148_200_42_151	13	54371660	54372115	INV	50.0	0.0	50.0	2
INV_13_62345363_62345754_112_8_186_7_30_99	13	62345363	62345754	INV	0.0	50.0	50.0	2
INV_14_11450539_11450723_178_106_46_190_99_188	14	11450539	11450723	INV	50.0	50.0	0.0	2
INV_14_23717025_23717060_144_37_125_68_141_25	14	23717025	23717060	INV	50.0	0.0	50.0	2
INV_14_42168269_42169024_103_139_137_77_73_158	14	42168269	42169024	INV	50.0	0.0	50.0	2
INV_14_42168383_42168955_112_109_53_185_47_77	14	42168383	42168955	INV	50.0	0.0	50.0	2
INV_16_19640453_19640607_139_16_28_1_144_179	16	19640453	19640607	INV	50.0	0.0	50.0	2
INV_17_12115746_12116564_109_100_194_27_15_172	17	12115746	12116564	INV	50.0	0.0	50.0	2
INV_17_25080042_25086406_25_101_138_20_128_151	17	25080042	25086406	INV	0.0	0.0	100.0	2
INV_17_29499547_29500062_24_86_174_5_22_3	17	29499547	29500062	INV	0.0	0.0	100.0	2
INV_17_57046793_57047041_58_115_92_26_101_111	17	57046793	57047041	INV	50.0	0.0	50.0	2
INV_17_57046846_57046990_20_14_83_120_11_152	17	57046846	57046990	INV	50.0	50.0	0.0	2
INV_17_57373642_57378966_115_51_133_94_170_61	17	57373642	57378966	INV	0.0	50.0	50.0	2
INV_17_58908827_58909274_85_197_90_91_59_173	17	58908827	58909274	INV	0.0	50.0	50.0	2
INV_18_12698812_12698883_70_115_206_205_173_126	18	12698812	12698883	INV	50.0	0.0	50.0	2
INV_18_25456600_25491732_3_10_139_54_101_135	18	25456600	25491732	INV	0.0	50.0	50.0	2
INV_18_29962411_29962454_81_194_138_31_0_72	18	29962411	29962454	INV	0.0	50.0	50.0	2
INV_19_10629802_10651091_89_199_209_153_64_147	19	10629802	10651091	INV	50.0	0.0	50.0	2
INV_19_10629811_10650211_134_28_103_55_123_161	19	10629811	10650211	INV	50.0	0.0	50.0	2
INV_19_48023612_48023768_124_135_189_194_63_206	19	48023612	48023768	INV	50.0	50.0	0.0	2
INV_19_48023674_48023769_166_159_41_55_68_4	19	48023674	48023769	INV	50.0	0.0	50.0	2
INV_1_11578427_11598455_92_178_117_150_179_155	1	11578427	11598455	INV	50.0	50.0	0.0	2
INV_1_122229770_122230798_173_165_27_90_111_0	1	122229770	122230798	INV	50.0	0.0	50.0	2
INV_1_122436218_122439824_79_202_26_123_200_104	1	122436218	122439824	INV	0.0	50.0	50.0	2
INV_1_4073094_90239538_152_86_175_14_194_190	1	4073094	90239538	INV	0.0	50.0	50.0	2
INV_1_45940440_45952090_18_70_13_160_88_192	1	45940440	45952090	INV	50.0	50.0	0.0	2
INV_1_76545311_76546225_60_129_203_140_39_137	1	76545311	76546225	INV	0.0	50.0	50.0	2
INV_20_30484494_30484906_209_12_8_92_4_14	20	30484494	30484906	INV	50.0	50.0	0.0	2
INV_20_45334086_45334626_170_81_50_113_163_108	20	45334086	45334626	INV	0.0	50.0	50.0	2
INV_20_45334177_45334632_152_92_140_131_159_66	20	45334177	45334632	INV	50.0	0.0	50.0	2
INV_20_764198_764931_184_6_30_155_15_140	20	764198	764931	INV	0.0	50.0	50.0	2
INV_21_2963317_3132892_67_49_96_66_191_169	21	2963317	3132892	INV	50.0	0.0	50.0	2
INV_21_7542026_7542245_191_152_203_122_204_140	21	7542026	7542245	INV	0.0	50.0	50.0	2
INV_22_14917884_14918435_124_87_75_50_31_19	22	14917884	14918435	INV	0.0	50.0	50.0	2
INV_22_14918070_14918449_205_168_186_163_162_31	22	14918070	14918449	INV	50.0	0.0	50.0	2
INV_22_22038082_22038676_163_10_144_136_182_193	22	22038082	22038676	INV	50.0	50.0	0.0	2
INV_22_29623005_29623773_31_12_103_68_23_45	22	29623005	29623773	INV	0.0	50.0	50.0	2
INV_22_40003732_40042661_21_111_40_19_60_100	22	40003732	40042661	INV	50.0	50.0	0.0	2
INV_22_49217141_49217395_31_183_102_132_149_196	22	49217141	49217395	INV	50.0	0.0	50.0	2
INV_23_15848265_15848470_108_56_184_125_186_25	23	15848265	15848470	INV	0.0	50.0	50.0	2
INV_23_23960115_23960594_159_198_169_193_210_61	23	23960115	23960594	INV	0.0	50.0	50.0	2
INV_23_32815576_32815625_56_110_41_79_5_161	23	32815576	32815625	INV	50.0	50.0	0.0	2
INV_23_35050165_35050398_127_152_46_164_113_159	23	35050165	35050398	INV	0.0	0.0	100.0	2
INV_23_40885953_40886977_155_77_105_41_76_121	23	40885953	40886977	INV	0.0	50.0	50.0	2
INV_23_47250707_47250827_70_192_166_67_30_181	23	47250707	47250827	INV	0.0	0.0	100.0	2
INV_24_40946413_40947651_127_13_167_58_193_67	24	40946413	40947651	INV	0.0	50.0	50.0	2
INV_25_42498961_42501034_4_56_62_109_41_16	25	42498961	42501034	INV	50.0	50.0	0.0	2
INV_26_10305567_10306862_149_113_194_171_16_41	26	10305567	10306862	INV	0.0	50.0	50.0	2
INV_26_18738106_18739153_130_12_103_89_186_211	26	18738106	18739153	INV	0.0	50.0	50.0	2
INV_26_27170829_27181409_150_166_173_105_128_34	26	27170829	27181409	INV	50.0	0.0	50.0	2
INV_26_31933211_31936493_167_144_113_112_11_164	26	31933211	31936493	INV	50.0	0.0	50.0	2
INV_27_19673110_19674218_180_134_115_103_155_35	27	19673110	19674218	INV	0.0	50.0	50.0	2
INV_27_35177738_35187297_93_97_152_148_130_146	27	35177738	35187297	INV	50.0	0.0	50.0	2
INV_2_26685463_26685947_207_185_37_123_80_204	2	26685463	26685947	INV	50.0	50.0	0.0	2
INV_2_42846419_42846617_12_96_144_5_81_33	2	42846419	42846617	INV	50.0	50.0	0.0	2
INV_2_48241538_48241891_52_30_192_73_64_60	2	48241538	48241891	INV	50.0	0.0	50.0	2
INV_2_57848143_57855034_146_105_66_208_48_166	2	57848143	57855034	INV	50.0	0.0	50.0	2
INV_2_57848486_57854800_127_72_113_151_130_62	2	57848486	57854800	INV	0.0	50.0	50.0	2
INV_2_73263162_73263455_178_94_107_201_171_209	2	73263162	73263455	INV	0.0	50.0	50.0	2
INV_2_80891163_80891216_116_37_167_54_38_153	2	80891163	80891216	INV	0.0	50.0	50.0	2
INV_2_82471442_82471770_200_35_38_44_82_206	2	82471442	82471770	INV	50.0	50.0	0.0	2
INV_2_83178476_83179577_112_200_97_64_169_46	2	83178476	83179577	INV	0.0	50.0	50.0	2
INV_30_29413966_29414153_52_62_119_19_45_132	30	29413966	29414153	INV	50.0	0.0	50.0	2
INV_30_29414032_29414238_125_204_140_142_141_129	30	29414032	29414238	INV	50.0	50.0	0.0	2
INV_30_31998821_31998865_165_191_63_14_62_25	30	31998821	31998865	INV	0.0	50.0	50.0	2
INV_31_15318811_15319416_136_161_74_201_46_180	31	15318811	15319416	INV	50.0	50.0	0.0	2
INV_32_16423156_16423226_106_81_130_139_160_12	32	16423156	16423226	INV	50.0	0.0	50.0	2
INV_32_17540031_17552450_128_79_80_102_177_103	32	17540031	17552450	INV	50.0	50.0	0.0	2
INV_32_17555603_17555735_16_34_73_202_197_127	32	17555603	17555735	INV	0.0	50.0	50.0	2
INV_32_2704386_2705077_5_80_162_81_197_135	32	2704386	2705077	INV	50.0	50.0	0.0	2
INV_32_27485778_27486643_99_43_57_68_66_158	32	27485778	27486643	INV	50.0	50.0	0.0	2
INV_33_29997037_29997208_201_121_169_27_108_42	33	29997037	29997208	INV	50.0	0.0	50.0	2
INV_34_16171407_16172020_189_17_113_102_39_22	34	16171407	16172020	INV	50.0	0.0	50.0	2
INV_34_16171417_16172154_156_38_139_74_209_49	34	16171417	16172154	INV	0.0	50.0	50.0	2
INV_34_25252853_25253027_93_198_163_26_98_172	34	25252853	25253027	INV	0.0	50.0	50.0	2
INV_34_28852246_28854491_153_174_186_128_132_190	34	28852246	28854491	INV	50.0	50.0	0.0	2
INV_34_29237079_29237265_78_141_124_136_100_133	34	29237079	29237265	INV	0.0	50.0	50.0	2
INV_35_14411955_14411988_158_22_2_111_194_103	35	14411955	14411988	INV	0.0	50.0	50.0	2
INV_36_14447517_14451992_169_139_72_201_32_22	36	14447517	14451992	INV	50.0	0.0	50.0	2
INV_36_21765055_21765219_71_136_204_67_1_56	36	21765055	21765219	INV	50.0	50.0	0.0	2
INV_36_21830124_21832881_68_177_165_4_179_7	36	21830124	21832881	INV	50.0	0.0	50.0	2
INV_36_22582102_22582156_179_88_183_199_100_178	36	22582102	22582156	INV	50.0	0.0	50.0	2
INV_36_9118633_9118705_50_165_103_85_156_119	36	9118633	9118705	INV	50.0	0.0	50.0	2
INV_37_25394543_25395145_32_148_157_55_158_89	37	25394543	25395145	INV	50.0	50.0	0.0	2
INV_37_25394659_25395103_81_7_106_12_178_145	37	25394659	25395103	INV	50.0	0.0	50.0	2
INV_37_5098981_5106549_137_15_21_182_78_25	37	5098981	5106549	INV	50.0	0.0	50.0	2
INV_38_13711126_22125226_141_29_128_135_145_49	38	13711126	22125226	INV	0.0	50.0	50.0	2
INV_38_16909654_16910013_3_16_106_184_198_144	38	16909654	16910013	INV	50.0	0.0	50.0	2
INV_38_20832654_20835347_131_56_161_156_187_188	38	20832654	20835347	INV	0.0	50.0	50.0	2
INV_38_22504048_22504650_146_87_54_88_39_194	38	22504048	22504650	INV	0.0	0.0	100.0	2
INV_38_9113656_9136649_205_96_0_65_35_41	38	9113656	9136649	INV	50.0	50.0	0.0	2
INV_38_9831004_9831753_120_51_94_205_162_28	38	9831004	9831753	INV	50.0	0.0	50.0	2
INV_4_34218519_34218557_66_116_126_2_104_55	4	34218519	34218557	INV	0.0	50.0	50.0	2
INV_5_46020609_46021617_202_64_207_184_178_100	5	46020609	46021617	INV	0.0	50.0	50.0	2
INV_6_38327633_38339725_115_170_140_95_16_72	6	38327633	38339725	INV	0.0	50.0	50.0	2
INV_6_38327876_38339563_22_44_79_42_94_108	6	38327876	38339563	INV	50.0	50.0	0.0	2
INV_7_12375568_12375792_99_83_53_141_129_143	7	12375568	12375792	INV	0.0	50.0	50.0	2
INV_7_54362239_54363009_68_192_0_56_28_4	7	54362239	54363009	INV	50.0	0.0	50.0	2
INV_7_59838618_59839640_11_98_100_15_195_80	7	59838618	59839640	INV	0.0	50.0	50.0	2
INV_7_59838626_59839901_105_121_63_14_205_143	7	59838626	59839901	INV	0.0	50.0	50.0	2
INV_7_78256269_78269912_111_12_168_126_60_64	7	78256269	78269912	INV	50.0	50.0	0.0	2
INV_7_80690734_80691949_99_165_153_96_209_106	7	80690734	80691949	INV	0.0	50.0	50.0	2
INV_8_24889974_24890319_3_63_39_78_207_139	8	24889974	24890319	INV	0.0	50.0	50.0	2
INV_8_24890222_24890321_38_126_157_67_51_26	8	24890222	24890321	INV	50.0	0.0	50.0	2
INV_8_25306773_25313192_133_59_108_6_207_167	8	25306773	25313192	INV	50.0	0.0	50.0	2
INV_8_28411552_28414220_70_141_86_45_144_109	8	28411552	28414220	INV	50.0	50.0	0.0	2
INV_8_28501261_28503747_28_147_111_140_60_71	8	28501261	28503747	INV	0.0	50.0	50.0	2
INV_9_29424751_29424823_174_13_49_136_33_177	9	29424751	29424823	INV	50.0	0.0	50.0	2
INV_9_47530105_47530773_173_75_6_9_119_73	9	47530105	47530773	INV	50.0	50.0	0.0	2
