Chr	DEL	DUP	INV	INS	TRA
1	3360	481	1614	0	2915
10	1780	181	862	0	1870
11	1885	199	942	0	1896
12	2248	208	970	0	1917
13	1698	174	831	0	1454
14	1613	149	749	0	1563
15	1767	172	892	0	1794
16	1720	206	951	0	1561
17	1860	176	891	0	1616
18	1660	314	735	0	1436
19	1555	194	759	0	1329
2	2121	296	1107	0	2192
20	1700	166	727	0	1621
21	1642	257	751	0	1320
22	1646	167	751	0	1504
23	1376	161	613	0	1338
24	1318	120	562	0	1243
25	1406	186	493	0	1316
26	1456	245	592	0	1072
27	1637	206	627	0	1448
28	1092	102	499	0	1010
29	1286	130	552	0	1198
3	2317	251	960	0	2141
30	1140	104	441	0	1212
31	1190	178	442	0	978
32	1429	118	535	0	1244
33	1062	118	363	0	870
34	1248	141	550	0	995
35	789	75	378	0	689
36	888	95	358	0	848
37	883	84	252	0	756
38	846	97	278	0	589
4	2304	230	926	0	2074
5	2332	239	836	0	2095
6	2063	222	738	0	1969
7	2126	217	799	0	1958
8	2425	563	898	0	2092
9	1838	178	685	0	1728
