Chr	DEL	DUP	INV	INS	TRA
1	3284	0	0	0	0
10	1751	0	0	0	0
11	1854	0	0	0	0
12	2222	0	0	0	0
13	1674	0	0	0	0
14	1584	0	0	0	0
15	1730	0	0	0	0
16	1672	0	0	0	0
17	1824	0	0	0	0
18	1613	0	0	0	0
19	1510	0	0	0	0
2	2081	0	0	0	0
20	1652	0	0	0	0
21	1608	0	0	0	0
22	1621	0	0	0	0
23	1356	0	0	0	0
24	1302	0	0	0	0
25	1367	0	0	0	0
26	1432	0	0	0	0
27	1593	0	0	0	0
28	1068	0	0	0	0
29	1273	0	0	0	0
3	2277	0	0	0	0
30	1116	0	0	0	0
31	1171	0	0	0	0
32	1413	0	0	0	0
33	1046	0	0	0	0
34	1241	0	0	0	0
35	773	0	0	0	0
36	869	0	0	0	0
37	877	0	0	0	0
38	832	0	0	0	0
4	2245	0	0	0	0
5	2271	0	0	0	0
6	2037	0	0	0	0
7	2084	0	0	0	0
8	2371	0	0	0	0
9	1782	0	0	0	0
